2,
2,
42,
36,
0,
2,
2,
2,
2,
2,
2,
2,
2,
2,
2,
2,
2,
2,
2,
2,
2,
2,
2,
2,
2,
2,
2,
1,
17,
54,
21,
17,
17,
17,
0,
23,
23,
23,
1,
47,
10,
10,
10,
10,
10,
7,
2,
2,
2,
2,
2,
2,
28,
2,
1,
2,
2,
2,
2,
2,
2,
22,
2,
2,
2,
2,
2,
2,
2,
2,
2,
0,
33,
34,
8,
12,
8,
8,
8,
8,
8,
3,
3,
1,
19,
40,
18,
19,
18,
18,
10,
1,
10,
41,
26,
6,
12,
35,
12,
35,
12,
12,
12,
4,
6,
0,
1,
21,
22,
29,
36,
5,
4,
4,
4,
4,
4,
4,
4,
4,
4,
4,
4,
4,
3,
0,
0,
59,
1,
23,
23,
14,
2,
17,
17,
17,
37,
5,
2,
2,
0,
9,
9,
9,
9,
6,
0,
23,
28,
20,
23,
23,
3,
22,
1,
19,
40,
37,
8,
21,
1,
3,
3,
3,
3,
3,
3,
3,
3,
3,
3,
3,
84,
3,
3,
3,
3,
3,
1,
28,
28,
28,
2,
0,
46,
7,
43,
1,
10,
10,
10,
10,
10,
0,
4,
4,
4,
4,
4,
4,
4,
55,
4,
4,
4,
4,
3,
13,
13,
13,
13,
0,
35,
22,
37,
34,
3,
26,
2,
3,
22,
3,
3,
3,
3,
3,
3,
3,
3,
3,
3,
3,
3,
3,
3,
1,
44,
35,
35,
33,
7,
1,
19,
31,
22,
22,
16,
18,
5,
4,
33,
16,
8,
8,
8,
8,
8,
8,
1,
26,
26,
2,
22,
1,
4,
4,
4,
4,
4,
4,
19,
1,
27,
48,
4,
12,
12,
12,
6,
1,
3,
58,
6,
6,
6,
6,
6,
6,
6,
6,
6,
6,
6,
6,
6,
6,
6,
6,
6,
0,
6,
6,
1,
46,
55,
1,
10,
9,
3,
9,
3,
3,
9,
9,
3,
3,
9,
3,
9,
3,
3,
3,
0,
3,
3,
3,
3,
3,
3,
3,
3,
3,
3,
0,
49,
46,
13,
13,
24,
14,
24,
14,
14,
14,
14,
2,
3,
0,
34,
40,
20,
26,
2,
3,
21,
21,
4,
21,
4,
4,
4,
4,
4,
5,
4,
4,
4,
4,
0,
4,
4,
4,
4,
4,
3,
57,
50,
3,
2,
22,
22,
6,
18,
1,
7,
62,
6,
6,
6,
32,
6,
32,
6,
6,
6,
6,
6,
6,
1,
4,
0,
29,
53,
7,
10,
10,
10,
1,
15,
15,
15,
15,
46,
1,
8,
47,
17,
11,
11,
11,
11,
11,
4,
12,
12,
12,
12,
12,
276069,
5,
0,
58943541,
54,
8,
8,
8,
8,
8,
8,
3,
3,
1,
51,
8003,
63397,
619,
619,
619,
619,
619,
619,
123011,
125260,
2772,
232,
109568,
272650,
3419,
748521,
3667,
926493,
1739,
1739,
811401,
802,
802,
802,
802,
802,
802,
802,
7398,
23596,
140,
3861,
4199,
3803,
112477,
3552,
381028,
3068,
219972,
83,
83,
83,
83,
83,
83,
83,
83,
83,
83,
83,
83,
83,
83,
83,
83,
83,
83,
83,
83,
83,
83,
83,
83,
83,
83,
83,
83,
83,
83,
83,
83,
83,
83,
83,
83,
83,
83,
83,
83,
83,
83,
83,
83,
83,
83,
83,
83,
83,
83,
83,
83,
83,
83,
83,
83,
83,
83,
83,
83,
83,
83,
83,
83,
83,
83,
277,
85386,
2636,
350784,
1304,
1304,
1304,
7666,
158914,
81904,
2117,
2117,
83033,
