15544,
16251,
14456,
14487,
5515,
5547,
9709,
9733,
8816,
8824,
12704,
12721,
12625,
12698,
12736,
12828,
12136,
12285,
14638,
14689,
4934,
4935,
12057,
12057,
15559,
15573,
846,
857,
12675,
12698,
12902,
12927,
11759,
11811,
290,
482,
14281,
16676,
12625,
12625,
13086,
13137,
11114,
11125,
2981,
3036,
3856,
3861,
514,
527,
13622,
13684,
8923,
8934,
11949,
11973,
15678,
15678,
714,
850,
12611,
12627,
13224,
15901,
15669,
15878,
195,
199,
15132,
15166,
2944,
2958,
3905,
3927,
180,
223,
15259,
15279,
2364,
2422,
6328,
6390,
6510,
7189,
2833,
2864,
4524,
4556,
13780,
13780,
8518,
8556,
13513,
13538,
9384,
9384,
10289,
10317,
6279,
6282,
6811,
6853,
4095,
4142,
15395,
15399,
1854,
1860,
8631,
8631,
13182,
13242,
10975,
10975,
3631,
3644,
1387,
1451,
10242,
10258,
6684,
6699,
5164,
5179,
10941,
10959,
4125,
4126,
15106,
15129,
3051,
3096,
3513,
3572,
1642,
1685,
9371,
9371,
10026,
10037,
7646,
7658,
954,
958,
12307,
12334,
14244,
14243,
6640,
6670,
5250,
5250,
10949,
11012,
3274,
3324,
2663,
2663,
5312,
5341,
10341,
10341,
6356,
6356,
6350,
6389,
6260,
6265,
6851,
6851,
4576,
4576,
13802,
13802,
8444,
8444,
14003,
14034,
7508,
7570,
1587,
1587,
9803,
9806,
8593,
8593,
13683,
13683,
8819,
8839,
12310,
12310,
14587,
14587,
5541,
5541,
9651,
9651,
9394,
9394,
10079,
10079,
7336,
7352,
2459,
2484,
6117,
6142,
7225,
7240,
3024,
3024,
3974,
3974,
15959,
16007,
15344,
15344,
2406,
2406,
6225,
6265,
6978,
6985,
3959,
3959,
15930,
15921,
16071,
16068,
15354,
15354,
2155,
2155,
7427,
7427,
2250,
2280,
6803,
6899,
4076,
4076,
15725,
15738,
335,
440,
14412,
14412,
5846,
5889,
8501,
8493,
13791,
13787,
8353,
8365,
14609,
14682,
4524,
4595,
13284,
13285,
10836,
10859,
4167,
4216,
15262,
15284,
2443,
2509,
6032,
6036,
7653,
7677,
1184,
1200,
11279,
11341,
2016,
2085,
7702,
7705,
764,
795,
12882,
13034,
11620,
11638,
1367,
1364,
10675,
10722,
4514,
4509,
14051,
14044,
7389,
7413,
2080,
2080,
7710,
7710,
1077,
1128,
11643,
11660,
838,
961,
12197,
12261,
14544,
14542,
5380,
5427,
10341,
10341,
6372,
6372,
6406,
6447,
5844,
5864,
8611,
8627,
13230,
13234,
11255,
12136,
15043,
15126,
3069,
3102,
3598,
3642,
1370,
1415,
10205,
10205,
7048,
7048,
3511,
3562,
1738,
1755,
9023,
9091,
11001,
11148,
3236,
3238,
3074,
3075,
3461,
3528,
1878,
1879,
8532,
8549,
13721,
13793,
8765,
8765,
12655,
12723,
12634,
12634,
13145,
13145,
11277,
11276,
2487,
2543,
5908,
5927,
8187,
8187,
15304,
15303,
2364,
2358,
6642,
6671,
5047,
5047,
11927,
11924,
16125,
16130,
15248,
15258,
2598,
2669,
5361,
5376,
10534,
10530,
5439,
5472,
10153,
10155,
6991,
7058,
3642,
3642,
1370,
1394,
10206,
10297,
6411,
6599,
5457,
5466,
10252,
10252,
6717,
6718,
5066,
5100,
11528,
11629,
1089,
1101,
11596,
11631,
1145,
1154,
11542,
11542,
1408,
1416,
10331,
10326,
6722,
6746,
4644,
4703,
13085,
13244,
10679,
10719,
4734,
4821,
12647,
12725,
12670,
12827,
12209,
12360,
14364,
14475,
5803,
5858,
8381,
8378,
14608,
14600,
5129,
5171,
11323,
11354,
2181,
2218,
7123,
7158,
2822,
2863,
4522,
4522,
14041,
14042,
7484,
7521,
1799,
1792,
8595,
8633,
13384,
13416,
10059,
10048,
7578,
7587,
1660,
1659,
9331,
9351,
10472,
10491,
5894,
5890,
8277,
8295,
14787,
14866,
4026,
4058,
15450,
15525,
1343,
1484,
9915,
9922,
8414,
8414,
13994,
14035,
7537,
10674,
4973,
5062,
11363,
11403,
1996,
2071,
7806,
7822,
307,
353,
14698,
14758,
4295,
4305,
14888,
14900,
3780,
3788,
898,
898,
12537,
12537,
13489,
13481,
9759,
9759,
8858,
8858,
12644,
12644,
13081,
13113,
11220,
11220,
3107,
3109,
3303,
3320,
2681,
2701,
5257,
5282,
11024,
11015,
3667,
3666,
1285,
1299,
10969,
10977,
3729,
3790,
777,
1608,
9580,
9721,
8961,
8959,
12069,
12147,
15129,
15172,
2859,
2921,
4325,
7263,
2493,
2540,
5926,
5926,
8270,
8270,
14682,
14791,
4112,
4151,
15437,
15437,
1864,
1878,
8534,
8580,
13470,
13470,
9947,
9970,
8106,
8136,
15500,
15500,
1577,
1574,
9732,
9775,
8968,
8984,
11875,
11881,
16311,
16311,
14449,
14449,
5958,
5984,
8105,
8110,
15450,
15476,
1929,
1929,
8057,
8101,
15613,
15637,
873,
892,
12664,
12668,
13072,
13072,
11414,
11426,
2189,
2212,
7039,
7031,
3852,
3854,
525,
541,
13981,
13992,
7853,
7853,
291,
318,
14878,
14904,
3956,
4022,
15930,
15931,
16071,
16103,
15188,
15197,
2900,
2926,
4343,
4343,
14704,
14704,
4671,
4671,
13256,
13251,
10899,
10918,
3976,
3976,
16281,
16278,
14562,
14613,
5209,
5204,
11004,
10997,
4018,
4018,
15880,
15880,
260,
288,
14746,
14826,
4448,
4472,
13854,
13869,
8364,
8375,
14593,
14602,
5245,
5245,
11075,
11097,
2998,
2997,
3949,
3977,
15547,
15699,
1082,
1095,
11628,
11628,
1356,
1381,
10598,
10625,
5242,
5258,
11054,
11084,
3400,
3400,
2360,
2358,
6556,
6589,
5229,
5347,
10744,
10787,
4246,
4246,
15103,
15131,
3067,
3062,
3692,
3725,
1039,
1055,
11659,
11659,
1275,
1673,
9412,
9412,
10051,
10093,
7391,
7395,
2331,
2369,
6597,
6597,
5393,
5441,
10241,
10242,
6679,
6801,
4649,
4786,
12809,
12832,
12338,
12360,
14374,
14387,
6160,
6218,
7132,
7132,
2941,
2930,
4220,
4241,
15196,
15913,
16062,
16062,
15244,
15339,
1956,
1968,
8279,
8279,
14585,
14646,
4635,
4635,
13576,
13576,
9106,
9146,
11510,
11531,
1430,
1430,
10353,
10372,
6155,
6153,
7465,
7468,
1809,
1804,
8809,
8844,
12344,
12400,
14017,
14031,
7693,
7703,
1088,
1094,
11480,
11520,
1726,
1745,
8981,
9014,
11568,
11598,
1198,
1309,
10829,
10929,
4001,
4026,
15741,
15740,
647,
680,
13467,
13490,
9805,
9840,
8302,
8353,
14287,
14339,
5962,
5962,
8225,
8225,
14906,
14942,
4181,
4181,
15127,
15133,
3090,
3106,
3466,
3575,
1688,
1709,
9254,
9283,
10570,
10595,
5643,
5701,
9017,
9039,
11843,
11845,
368,
389,
14580,
14621,
5058,
5084,
11729,
11724,
555,
571,
13904,
13914,
7863,
7909,
253,
14951,
14940,
4077,
4080,
15503,
15571,
899,
970,
12218,
12256,
14356,
14477,
5954,
6007,
7682,
9283,
10765,
10821,
4424,
4421,
14374,
14374,
5933,
5947,
7962,
7961,
16287,
16288,
14482,
14482,
5651,
5662,
9410,
9410,
10174,
10232,
6557,
6557,
5742,
5776,
8830,
8879,
12316,
12356,
14221,
14221,
6702,
6739,
4884,
5041,
11904,
11904,
16224,
16240,
14868,
14895,
4006,
4002,
16116,
16207,
14321,
14479,
5772,
5772,
8711,
8736,
12869,
13001,
11695,
11706,
817,
843,
12636,
12671,
