3,
2,
11,
11,
2,
0,
2,
2,
2,
2,
2,
2,
0,
3,
15,
2,
2,
2,
4,
2,
4,
2,
4,
2,
4,
2,
1,
1,
0,
17,
17,
3,
0,
3,
3,
3,
3,
3,
1,
12,
5,
5,
5,
1,
1,
0,
4,
12,
4,
4,
4,
4,
4,
1,
0,
1,
1,
1,
1,
8,
1,
1,
1,
1,
1,
1,
1,
1,
1,
1,
1,
1,
0,
8,
12,
4,
4,
4,
4,
4,
1,
1,
1,
1,
1,
1,
12,
1,
1,
1,
1,
1,
1,
1,
1,
1,
1,
1,
0,
5,
14,
1,
6,
6,
6,
1,
3,
3,
3,
3,
3,
14,
0,
0,
3,
1,
1,
1,
1,
14,
1,
1,
1,
1,
1,
1,
1,
1,
1,
1,
1,
0,
6,
6,
4,
0,
10,
5,
8,
2,
6,
5,
1,
5,
5,
2,
0,
4,
4,
4,
4,
10,
1,
6,
11,
2,
6,
6,
2,
2,
2,
2,
4,
2,
0,
0,
10,
180,
163,
13,
2,
2,
0,
4,
3,
14,
1,
9,
1,
1,
1,
8,
1,
1,
1,
1,
1,
1,
1,
0,
1,
1,
1,
0,
15,
16,
2,
1,
1,
1,
1,
1,
1,
1,
1,
1,
1,
1,
1,
1,
1,
1,
0,
7,
7,
4,
0,
17,
1,
14,
1,
2,
2,
2,
2,
2,
2,
2,
2,
2,
1,
2,
2,
2,
2,
2,
14,
2,
2,
0,
4,
12,
3,
4,
4,
4,
4,
3,
1,
1,
15,
1,
78026,
76453,
70511,
64877,
59759,
54354,
49356,
44862,
40802,
37085,
34481,
31611,
28895,
26591,
24135,
21937,
20208,
18380,
16750,
15203,
13748,
12515,
11381,
10513,
9492,
8610,
7777,
7118,
6392,
5718,
5311,
4773,
4367,
3954,
3639,
3260,
3107,
2701,
2435,
2310,
2086,
1812,
1616,
1490,
1490,
1336,
1161,
1035,
900,
804,
749,
678,
678,
678,
658,
573,
524,
454,
397,
342,
300,
258,
223,
195,
167,
145,
125,
105,
90,
82,
69,
57,
48,
41,
35,
34,
27,
21,
20,
14,
13,
13,
7,
6,
6,
6,
6,
6,
6,
6,
6,
6,
6,
6,
6,
6,
6,
6,
6,
6,
6,
6,
6,
6,
6,
6,
6,
6,
6,
6,
6,
6,
6,
6,
6,
6,
6,
6,
6,
6,
6,
6,
6,
6,
6,
6,
6,
6,
6,
6,
6,
6,
6,
6,
6,
6,
6,
6,
6,
6,
6,
6,
6,
6,
6,
6,
6,
6,
6,
6,
6,
6,
6,
6,
6,
6,
6,
6,
6,
6,
6,
6,
6,
6,
6,
6,
6,
6,
6,
6,
6,
6,
6,
6,
6,
6,
6,
6,
6,
6,
6,
6,
6,
6,
6,
6,
6,
6,
6,
6,
6,
6,
6,
6,
6,
6,
6,
6,
6,
6,
6,
6,
6,
6,
6,
6,
6,
6,
6,
6,
6,
6,
6,
6,
6,
6,
6,
6,
6,
6,
6,
6,
6,
6,
6,
6,
6,
6,
6,
6,
6,
6,
6,
6,
6,
6,
6,
6,
6,
6,
6,
6,
6,
5,
2,
0,
8,
7,
7,
7,
7,
7,
7,
7,
6,
2,
1,
1,
1,
1,
1,
1,
1,
1,
1,
1,
1,
1,
1,
1,
1,
1,
1,
0,
5,
5,
5,
2910,
1,
1,
0,
2525,
2274,
2172,
2049,
1776,
1567,
1412,
1328,
1321,
1159,
1021,
887,
768,
663,
649,
586,
523,
523,
523,
523,
509,
446,
384,
334,
292,
250,
222,
188,
166,
145,
124,
104,
95,
82,
68,
61,
54,
44,
39,
33,
27,
26,
19,
19,
13,
12,
12,
6,
5,
5,
5,
5,
4,
0,
1,
0,
0,
0,
0,
0,
1,
0,
1,
0,
1,
1,
1,
0,
0,
1,
1,
0,
1,
1,
0,
1,
0,
0,
0,
0,
0,
0,
0,
0,
1,
0,
1,
0,
0,
0,
0,
0,
1,
0,
0,
0,
1,
0,
0,
1,
0,
0,
1,
1,
0,
1,
1,
0,
3,
2,
1,
0,
1,
0,
0,
2,
2,
0,
0,
0,
0,
0,
1,
0,
1,
0,
1,
0,
1,
0,
0,
0,
0,
0,
0,
0,
0,
0,
0,
0,
0,
0,
2775,
0,
0,
0,
0,
0,
1,
1,
2,
1,
0,
3,
0,
2,
1,
0,
1,
0,
0,
1,
1,
1,
0,
1,
0,
1,
0,
2677,
2341,
2055,
1928,
1858,
1620,
1404,
1227,
1137,
1101,
1101,
969,
843,
731,
640,
555,
486,
423,
371,
368,
325,
284,
248,
248,
248,
248,
248,
248,
248,
248,
248,
227,
199,
171,
150,
129,
108,
94,
80,
72,
59,
52,
45,
38,
31,
30,
24,
23,
17,
16,
10,
10,
10,
4,
3,
3,
3,
3,
3,
2,
0,
0,
0,
1,
1,
0,
1,
0,
1,
0,
1,
1,
0,
1,
0,
0,
1,
0,
1,
0,
0,
0,
0,
0,
0,
0,
0,
0,
0,
0,
0,
0,
2,
1,
1,
1,
0,
2639,
3,
2,
1,
0,
2465,
2361,
2052,
1786,
1603,
1603,
1443,
1254,
1094,
953,
868,
764,
737,
737,
736,
645,
568,
497,
428,
372,
323,
281,
246,
211,
183,
156,
136,
120,
100,
91,
78,
64,
57,
57,
57,
57,
57,
57,
57,
57,
57,
57,
57,
57,
57,
57,
57,
57,
57,
50,
43,
37,
36,
30,
29,
28,
22,
22,
21,
16,
15,
15,
15,
15,
11,
9,
9,
8,
8,
8,
8,
8,
8,
8,
8,
8,
7,
2,
2,
2,
2,
2,
2,
2,
2,
1,
1,
1,
1,
1,
1,
1,
1,
1,
1,
1,
1,
1,
1,
1,
1,
1,
1,
1,
1,
1,
1,
1,
1,
1,
1,
1,
1,
1,
1,
1,
1,
1,
1,
1,
1,
1,
1,
1,
1,
1,
1,
1,
1,
1,
1,
1,
1,
1,
1,
1,
1,
1,
1,
1,
1,
1,
1,
1,
1,
1,
1,
1,
1,
1,
1,
1,
1,
1,
1,
1,
1,
1,
1,
1,
1,
1,
1,
1,
1,
1,
1,
1,
1,
1,
1,
1,
1,
1,
1,
1,
1,
1,
1,
1,
1,
1,
1,
1,
1,
1,
1,
1,
1,
0,
1,
3,
1,
1,
1,
1,
0,
4,
2897,
1,
1,
1,
1,
0,
2,
2520,
2253,
2134,
1952,
1757,
1757,
1673,
1658,
1505,
1469,
1469,
1469,
1350,
1350,
1259,
1092,
951,
833,
726,
629,
601,
524,
497,
497,
497,
497,
468,
405,
350,
308,
272,
237,
202,
174,
153,
132,
117,
98,
84,
76,
68,
55,
48,
41,
34,
33,
27,
20,
20,
14,
13,
13,
7,
6,
6,
6,
6,
5,
0,
1,
1,
0,
1,
1,
0,
0,
2,
1,
1,
0,
2,
2901,
2789,
2438,
2186,
2060,
1934,
1682,
1465,
1367,
1269,
1269,
1143,
995,
863,
757,
681,
590,
582,
507,
451,
451,
451,
451,
451,
415,
360,
317,
275,
240,
212,
198,
177,
156,
135,
114,
100,
86,
72,
65,
52,
44,
38,
34,
30,
23,
22,
16,
16,
9,
9,
9,
7,
2,
2,
2,
2,
2,
2,
0,
4,
4,
4,
4,
3,
0,
8,
2781,
2683,
2327,
2299,
2179,
2088,
1976,
1976,
1885,
1850,
1689,
1465,
1269,
1151,
1030,
1030,
1024,
891,
772,
667,
577,
500,
436,
380,
338,
310,
304,
282,
247,
213,
190,
184,
184,
184,
184,
184,
184,
184,
184,
184,
184,
184,
170,
149,
129,
114,
100,
86,
72,
60,
52,
44,
38,
36,
30,
23,
22,
16,
16,
10,
9,
9,
8,
3,
2,
2,
2,
2,
2,
2,
2,
1,
1,
10,
0,
0,
0,
1,
0,
1,
0,
1,
0,
2,
1,
1,
1,
0,
3,
2,
0,
2639,
2,
2,
1,
0,
2401,
2359,
2044,
1772,
1589,
1526,
1456,
1310,
1310,
1310,
1310,
1183,
1183,
1114,
973,
855,
818,
818,
818,
818,
728,
693,
693,
693,
630,
547,
476,
413,
358,
314,
272,
238,
203,
176,
154,
133,
119,
99,
91,
77,
64,
57,
49,
42,
36,
35,
28,
22,
21,
15,
14,
14,
7,
7,
7,
7,
6,
6,
6,
6,
6,
6,
6,
6,
6,
6,
6,
6,
6,
6,
6,
6,
6,
6,
6,
6,
6,
6,
6,
6,
6,
6,
6,
6,
6,
6,
6,
6,
6,
6,
6,
6,
6,
6,
6,
6,
6,
6,
6,
6,
6,
6,
6,
6,
6,
6,
6,
6,
6,
6,
6,
6,
6,
6,
6,
6,
6,
6,
6,
6,
6,
6,
6,
6,
6,
6,
6,
6,
6,
6,
6,
6,
6,
6,
6,
6,
6,
6,
6,
6,
6,
6,
6,
6,
6,
6,
6,
6,
6,
6,
6,
6,
6,
6,
6,
6,
6,
6,
6,
6,
6,
6,
6,
6,
6,
6,
6,
6,
6,
6,
6,
6,
6,
6,
6,
6,
6,
6,
6,
6,
6,
6,
6,
6,
6,
6,
6,
6,
6,
6,
6,
6,
6,
6,
6,
6,
6,
6,
6,
6,
6,
6,
6,
6,
6,
6,
6,
5,
1,
1,
1,
1,
1,
1,
1,
1,
1,
1,
1,
1,
1,
1,
1,
1,
0,
0,
5,
2,
2,
0,
2,
1,
1,
1,
0,
7,
2902,
6,
1,
0,
2552,
2225,
2099,
2021,
1753,
1517,
1411,
1314,
1314,
1181,
1027,
894,
782,
703,
621,
600,
523,
502,
502,
502,
502,
461,
410,
356,
313,
293,
257,
223,
194,
166,
145,
124,
110,
96,
82,
68,
61,
49,
41,
40,
33,
26,
20,
19,
18,
12,
12,
8,
5,
5,
5,
5,
5,
3,
0,
1,
2,
1,
1,
4,
1,
0,
2747,
3,
2656,
2342,
2342,
2215,
2075,
2075,
2075,
1948,
1913,
1669,
1452,
1264,
1198,
1144,
1144,
1011,
871,
759,
655,
570,
493,
458,
444,
416,
360,
318,
318,
318,
318,
318,
318,
318,
291,
255,
220,
191,
164,
143,
122,
108,
93,
80,
66,
59,
46,
42,
37,
31,
24,
24,
18,
17,
17,
17,
16,
11,
10,
10,
10,
10,
10,
10,
7,
4,
4,
3,
3,
3,
3,
3,
3,
3,
3,
2,
2,
2,
0,
3,
0,
0,
2,
2,
0,
0,
2,
1,
1,
0,
3,
3001,
2875,
2582,
2393,
2266,
2217,
1937,
1679,
1461,
1363,
1357,
1181,
1020,
887,
769,
670,
586,
509,
445,
442,
442,
442,
442,
425,
369,
320,
278,
237,
208,
180,
159,
137,
117,
103,
89,
75,
68,
61,
54,
47,
40,
33,
26,
24,
19,
18,
12,
12,
12,
6,
5,
5,
5,
5,
4,
1,
8,
8,
5,
2,
1,
1,
1,
1,
1,
1,
4,
2610,
2524,
2218,
1931,
1679,
1630,
1524,
1322,
1154,
1014,
888,
797,
762,
762,
762,
664,
574,
504,
440,
384,
329,
286,
250,
216,
188,
160,
139,
118,
104,
90,
76,
63,
59,
59,
59,
59,
59,
59,
59,
59,
59,
59,
59,
59,
59,
55,
49,
48,
41,
41,
34,
34,
28,
27,
27,
21,
20,
20,
20,
14,
14,
13,
13,
13,
13,
13,
13,
7,
7,
7,
6,
6,
6,
6,
6,
6,
6,
6,
6,
6,
6,
6,
6,
5,
5,
4,
0,
7,
0,
1,
0,
0,
0,
1,
0,
2,
3,
0,
2,
2881,
4,
3,
0,
0,
2503,
2265,
2146,
1957,
1705,
1481,
1348,
1292,
1271,
1110,
963,
837,
725,
627,
570,
543,
473,
445,
445,
445,
445,
439,
388,
333,
291,
256,
221,
193,
165,
144,
123,
109,
89,
81,
67,
60,
53,
45,
39,
32,
25,
24,
18,
18,
11,
11,
11,
5,
4,
4,
4,
4,
4,
3,
0,
1,
1,
2,
0,
4,
2697,
2,
2,
0,
1,
2604,
2283,
1976,
1766,
1738,
1577,
1367,
1185,
1028,
982,
906,
906,
891,
773,
674,
584,
512,
443,
387,
339,
296,
255,
225,
225,
225,
225,
205,
180,
156,
136,
121,
107,
100,
100,
100,
100,
100,
100,
100,
100,
100,
100,
100,
100,
100,
100,
100,
100,
100,
100,
100,
100,
100,
93,
79,
66,
58,
51,
44,
37,
31,
30,
23,
23,
16,
16,
11,
9,
9,
9,
5,
3,
2,
2,
2,
2,
2,
2,
0,
1,
0,
1,
0,
1,
1,
1,
0,
2618,
1,
2387,
2296,
2038,
1771,
1554,
1422,
1422,
1281,
1113,
973,
840,
728,
685,
601,
561,
561,
561,
561,
503,
435,
378,
329,
287,
246,
217,
189,
161,
140,
119,
105,
91,
77,
64,
57,
49,
42,
35,
29,
28,
21,
21,
14,
14,
8,
7,
7,
7,
1,
1,
0,
3,
3,
1,
0,
3,
3,
2879,
2752,
2402,
2178,
2066,
1891,
1640,
1423,
1345,
1258,
1258,
1114,
967,
841,
757,
653,
589,
589,
513,
463,
463,
463,
463,
463,
414,
358,
323,
295,
253,
218,
190,
163,
141,
120,
106,
92,
78,
65,
57,
50,
43,
36,
29,
28,
22,
16,
15,
14,
8,
8,
8,
7,
1,
1,
1,
1,
1,
1,
1,
1,
0,
5,
5,
5,
5,
2,
3,
2733,
2643,
2489,
2489,
2362,
2208,
2027,
2027,
1900,
1875,
1642,
1431,
1242,
1144,
1102,
1102,
997,
864,
746,
654,
564,
500,
436,
395,
395,
353,
311,
276,
276,
276,
276,
276,
276,
276,
276,
255,
220,
193,
171,
150,
129,
115,
101,
87,
74,
66,
59,
52,
45,
39,
37,
31,
31,
24,
19,
17,
16,
10,
10,
10,
4,
3,
3,
3,
3,
3,
3,
3,
3,
2,
0,
9,
0,
1,
0,
0,
0,
0,
1,
0,
1,
0,
2,
2,
1,
0,
2,
2,
0,
2647,
2,
2514,
2353,
2045,
1779,
1646,
1639,
1422,
1233,
1079,
933,
862,
771,
771,
771,
715,
638,
554,
479,
415,
361,
314,
272,
233,
204,
176,
153,
133,
113,
99,
92,
92,
92,
92,
92,
92,
92,
92,
92,
85,
79,
71,
64,
57,
50,
43,
37,
36,
30,
29,
23,
22,
22,
16,
15,
15,
15,
15,
9,
8,
8,
8,
8,
8,
7,
5,
2,
2,
2,
2,
2,
1,
1,
1,
1,
1,
1,
1,
1,
1,
1,
1,
1,
1,
1,
1,
1,
1,
1,
1,
1,
1,
1,
1,
1,
1,
1,
1,
1,
1,
1,
1,
1,
1,
1,
1,
1,
1,
1,
1,
1,
1,
1,
1,
1,
1,
1,
1,
1,
1,
1,
1,
1,
1,
1,
1,
1,
1,
1,
1,
1,
1,
1,
1,
1,
1,
1,
1,
1,
1,
1,
1,
1,
1,
1,
1,
1,
1,
1,
1,
1,
1,
1,
1,
1,
1,
1,
1,
1,
1,
1,
1,
1,
1,
1,
1,
1,
0,
2,
0,
5,
5,
0,
2,
2,
0,
2877,
0,
2498,
2358,
2261,
2043,
1784,
1588,
1462,
1462,
1315,
1140,
986,
853,
741,
720,
629,
614,
614,
614,
573,
503,
440,
384,
335,
293,
258,
225,
202,
174,
159,
139,
118,
104,
90,
82,
69,
62,
49,
48,
41,
34,
27,
27,
20,
20,
20,
14,
13,
13,
6,
6,
6,
6,
4,
0,
1,
3,
3,
4,
2,
1,
0,
4,
2846,
2,
2,
1,
2642,
2292,
2070,
2014,
1803,
1572,
1552,
1488,
1432,
1376,
1194,
1040,
907,
782,
682,
592,
515,
515,
515,
515,
509,
473,
410,
354,
305,
263,
228,
200,
172,
149,
129,
109,
95,
81,
68,
60,
53,
46,
39,
32,
25,
25,
19,
18,
12,
11,
11,
10,
5,
4,
4,
4,
4,
2,
0,
0,
1,
1,
1,
0,
3,
1,
1,
1,
0,
2888,
2777,
2440,
2202,
2076,
1916,
1663,
1446,
1348,
1250,
1250,
1116,
971,
851,
767,
665,
578,
564,
495,
481,
481,
481,
481,
481,
431,
382,
348,
305,
263,
228,
199,
172,
144,
127,
109,
95,
81,
68,
60,
53,
46,
39,
32,
25,
24,
18,
18,
11,
11,
10,
4,
4,
4,
4,
4,
0,
9,
9,
9,
4,
3,
2,
2,
2,
2,
2,
2,
1,
0,
8,
2702,
2618,
2275,
2009,
1883,
1862,
1617,
1428,
1239,
1141,
1050,
1050,
1001,
868,
749,
651,
560,
484,
420,
364,
341,
341,
308,
287,
259,
239,
239,
239,
239,
239,
239,
239,
239,
239,
217,
189,
161,
140,
120,
105,
91,
83,
70,
62,
50,
43,
37,
35,
28,
21,
21,
17,
14,
14,
8,
7,
7,
7,
6,
1,
1,
8,
0,
1,
1,
0,
1,
0,
0,
0,
0,
1,
0,
1,
2623,
2,
1,
0,
2427,
2330,
2035,
1763,
1608,
1588,
1454,
1265,
1102,
957,
873,
789,
747,
747,
747,
663,
579,
502,
433,
377,
334,
292,
256,
222,
192,
166,
145,
124,
108,
90,
82,
68,
59,
55,
55,
55,
55,
55,
55,
55,
55,
55,
55,
55,
55,
55,
54,
54,
47,
41,
40,
34,
33,
32,
26,
26,
22,
19,
19,
19,
14,
13,
12,
12,
12,
12,
12,
11,
6,
6,
6,
5,
5,
5,
5,
5,
5,
5,
5,
5,
5,
5,
5,
5,
5,
5,
5,
5,
5,
4,
4,
4,
2,
0,
0,
3,
4,
5,
2,
0,
4,
2880,
3,
1,
0,
2503,
2272,
2159,
1971,
1711,
1515,
1382,
1332,
1298,
1126,
1004,
871,
753,
654,
639,
563,
513,
513,
513,
513,
493,
424,
367,
318,
276,
240,
206,
178,
156,
130,
115,
101,
87,
73,
62,
52,
45,
38,
32,
31,
24,
22,
17,
16,
10,
10,
9,
3,
3,
3,
3,
3,
2,
0,
1,
1,
1,
2,
1,
0,
6,
2704,
5,
1,
0,
2625,
2277,
2007,
1997,
1975,
1743,
1512,
1310,
1135,
1100,
1100,
967,
834,
729,
631,
554,
478,
429,
386,
337,
292,
253,
224,
212,
212,
212,
212,
212,
212,
212,
212,
212,
211,
189,
163,
147,
127,
111,
93,
85,
72,
64,
57,
50,
43,
37,
35,
29,
23,
22,
16,
15,
15,
8,
8,
8,
8,
2,
1,
1,
1,
1,
1,
1,
1,
1,
0,
0,
0,
1,
1,
1,
2,
1,
0,
0,
2876,
2738,
2590,
2282,
2057,
1939,
1814,
1604,
1393,
1247,
1120,
1120,
1086,
945,
925,
925,
925,
925,
925,
819,
805,
805,
770,
666,
581,
504,
456,
456,
456,
456,
456,
456,
456,
456,
413,
358,
336,
336,
336,
336,
336,
336,
322,
298,
266,
231,
197,
174,
147,
127,
112,
97,
84,
70,
63,
55,
43,
40,
35,
28,
22,
21,
15,
14,
14,
8,
7,
7,
7,
6,
1,
0,
13,
12,
6,
6,
6,
6,
0,
10,
2727,
2630,
2377,
2083,
1894,
1825,
1684,
1489,
1292,
1132,
1041,
1005,
1005,
914,
788,
683,
592,
514,
445,
382,
333,
291,
256,
256,
243,
215,
187,
165,
144,
138,
138,
138,
138,
138,
138,
138,
138,
138,
138,
138,
138,
138,
138,
138,
130,
109,
95,
82,
74,
60,
53,
46,
39,
32,
25,
25,
18,
18,
11,
11,
11,
5,
4,
4,
4,
4,
3,
0,
9,
1,
0,
0,
0,
1,
1,
0,
1,
0,
0,
0,
0,
1,
2,
2641,
3,
1,
0,
2417,
2368,
2068,
1795,
1654,
1550,
1508,
1318,
1143,
996,
870,
849,
744,
744,
744,
716,
625,
541,
471,
408,
352,
304,
268,
233,
204,
176,
149,
129,
114,
100,
86,
79,
70,
58,
51,
44,
44,
44,
44,
44,
44,
44,
44,
44,
44,
44,
44,
44,
44,
44,
44,
44,
38,
37,
35,
30,
30,
23,
23,
23,
17,
16,
16,
16,
16,
15,
10,
10,
9,
9,
9,
9,
9,
9,
9,
9,
8,
5,
3,
3,
3,
3,
3,
2,
2,
2,
2,
2,
2,
2,
2,
2,
2,
2,
2,
2,
2,
2,
2,
2,
2,
2,
2,
2,
2,
2,
2,
2,
2,
2,
1,
1,
1,
1,
1,
1,
1,
1,
1,
0,
0,
0,
8,
5,
2,
0,
5,
4,
2,
0,
2878,
1,
2513,
2233,
2107,
1953,
1693,
1466,
1323,
1231,
1231,
1093,
952,
832,
749,
651,
561,
524,
477,
420,
399,
399,
399,
399,
399,
372,
329,
287,
266,
238,
203,
175,
154,
133,
112,
98,
84,
71,
63,
56,
43,
41,
35,
28,
21,
21,
14,
14,
13,
7,
7,
7,
6,
1,
1,
0,
1,
0,
2,
1,
1,
1,
1,
0,
8,
2749,
7,
1,
0,
2644,
2322,
2020,
1854,
1825,
1643,
1454,
1259,
1104,
992,
972,
972,
901,
783,
684,
587,
509,
439,
383,
333,
286,
258,
258,
243,
209,
187,
179,
166,
159,
159,
159,
159,
159,
159,
159,
159,
159,
159,
159,
159,
159,
145,
131,
110,
96,
82,
71,
61,
54,
47,
40,
33,
26,
25,
19,
18,
12,
12,
9,
5,
5,
5,
5,
4,
0,
1,
0,
1,
2,
0,
3,
2,
1,
0,
2818,
2705,
2628,
2291,
1991,
1872,
1830,
1585,
1375,
1194,
1137,
1046,
1046,
983,
850,
739,
668,
584,
506,
437,
380,
360,
360,
319,
283,
244,
235,
235,
235,
235,
235,
235,
235,
235,
234,
214,
205,
178,
157,
136,
115,
101,
87,
73,
66,
52,
45,
39,
37,
31,
24,
23,
17,
17,
10,
10,
10,
4,
3,
3,
3,
3,
3,
3,
2,
0,
10,
10,
10,
10,
4,
3,
3,
3,
3,
3,
3,
2,
0,
2640,
6,
2508,
2368,
2066,
1834,
1702,
1702,
1485,
1296,
1121,
1003,
932,
882,
882,
849,
742,
644,
559,
484,
420,
364,
316,
274,
239,
204,
177,
162,
162,
162,
162,
148,
127,
113,
100,
92,
79,
71,
64,
57,
50,
44,
44,
44,
44,
44,
44,
44,
44,
44,
44,
44,
44,
44,
44,
44,
44,
44,
44,
44,
44,
44,
44,
44,
44,
44,
44,
44,
44,
44,
44,
44,
44,
44,
44,
44,
44,
44,
44,
44,
44,
44,
44,
44,
44,
44,
44,
44,
44,
44,
43,
36,
31,
29,
22,
22,
15,
15,
12,
8,
8,
8,
7,
2,
1,
1,
1,
1,
1,
1,
1,
0,
6,
0,
0,
0,
0,
0,
1,
1,
0,
0,
1,
3,
4,
0,
3,
2624,
1,
1,
1,
0,
2358,
2232,
2050,
1777,
1540,
1406,
1386,
1315,
1147,
993,
867,
756,
678,
643,
559,
553,
553,
553,
538,
468,
406,
356,
307,
272,
237,
202,
174,
153,
132,
111,
97,
83,
69,
62,
55,
42,
40,
34,
27,
22,
20,
18,
13,
13,
7,
6,
6,
6,
6,
4,
0,
1,
2,
6,
8,
1,
0,
3,
2741,
2,
1,
0,
2643,
2286,
1993,
1867,
1802,
1706,
1706,
1706,
1579,
1579,
1377,
1195,
1195,
1195,
1132,
1069,
1069,
971,
844,
732,
634,
551,
480,
417,
368,
354,
347,
303,
263,
228,
228,
228,
228,
228,
228,
228,
228,
228,
228,
200,
172,
151,
130,
116,
101,
87,
74,
66,
53,
46,
39,
33,
32,
25,
24,
18,
17,
11,
11,
11,
5,
4,
4,
4,
4,
4,
4,
3,
0,
1,
1,
2,
2,
2,
0,
2,
0,
0,
2620,
1,
1,
0,
2410,
2333,
2026,
1766,
1598,
1571,
1458,
1268,
1101,
962,
856,
793,
730,
730,
730,
674,
583,
506,
443,
381,
332,
289,
254,
219,
191,
163,
142,
127,
107,
93,
79,
72,
58,
51,
44,
37,
37,
37,
37,
37,
37,
37,
37,
37,
37,
37,
37,
37,
37,
37,
37,
37,
37,
37,
37,
37,
37,
37,
35,
30,
30,
23,
23,
23,
21,
17,
16,
16,
16,
16,
15,
10,
9,
9,
9,
9,
9,
9,
9,
9,
8,
8,
3,
3,
3,
3,
3,
2,
2,
2,
2,
2,
2,
2,
2,
2,
2,
2,
2,
2,
2,
2,
2,
2,
2,
2,
2,
2,
2,
2,
2,
2,
2,
1,
1,
1,
1,
1,
1,
1,
1,
1,
1,
1,
1,
1,
1,
1,
0,
3,
2,
1,
0,
1,
0,
1,
0,
2880,
2514,
2232,
2106,
1967,
1707,
1488,
1385,
1288,
1288,
1135,
987,
860,
748,
657,
608,
594,
517,
483,
483,
483,
483,
468,
405,
351,
307,
265,
231,
205,
181,
160,
145,
125,
108,
91,
83,
69,
62,
49,
42,
40,
34,
27,
20,
20,
13,
13,
13,
6,
6,
6,
5,
0,
14,
13,
7,
7,
7,
7,
4,
1,
0,
0,
2735,
8,
2644,
2294,
1993,
1867,
1845,
1601,
1385,
1209,
1139,
1041,
1041,
986,
866,
839,
839,
839,
839,
839,
789,
713,
713,
713,
677,
586,
509,
439,
382,
327,
320,
320,
320,
320,
320,
320,
320,
320,
320,
313,
278,
241,
208,
194,
194,
194,
194,
194,
194,
194,
194,
194,
194,
194,
173,
152,
131,
111,
96,
82,
74,
61,
54,
47,
40,
33,
26,
26,
19,
19,
12,
12,
12,
6,
5,
5,
5,
4,
0,
8,
0,
1,
1,
0,
0,
0,
0,
1,
2,
2,
0,
0,
1,
1,
2621,
1,
0,
1,
2369,
2329,
2019,
1746,
1613,
1544,
1480,
1284,
1110,
970,
843,
801,
696,
696,
696,
689,
605,
521,
458,
402,
346,
304,
262,
227,
199,
171,
150,
129,
109,
95,
86,
73,
60,
52,
45,
38,
37,
31,
24,
21,
17,
17,
10,
10,
10,
10,
10,
10,
10,
10,
10,
10,
10,
10,
10,
10,
10,
10,
10,
10,
10,
10,
10,
10,
10,
10,
10,
10,
10,
10,
10,
10,
10,
10,
10,
10,
10,
10,
10,
10,
10,
10,
10,
10,
10,
10,
10,
10,
10,
10,
10,
10,
10,
10,
10,
10,
10,
10,
10,
10,
10,
10,
10,
10,
10,
10,
10,
10,
10,
10,
10,
10,
10,
10,
10,
10,
10,
10,
10,
10,
10,
10,
10,
10,
10,
10,
10,
10,
10,
10,
10,
10,
10,
10,
10,
9,
4,
4,
4,
3,
3,
3,
3,
3,
3,
3,
3,
3,
3,
3,
3,
3,
3,
3,
3,
3,
3,
2,
2,
2,
2,
0,
1,
1,
1,
3,
2878,
6,
1,
0,
2500,
2172,
2032,
1954,
1702,
1478,
1310,
1177,
1177,
1135,
981,
855,
737,
638,
554,
477,
456,
435,
379,
337,
337,
337,
337,
337,
337,
337,
296,
260,
222,
190,
163,
141,
121,
106,
92,
78,
65,
57,
50,
43,
36,
30,
29,
22,
21,
15,
15,
9,
8,
8,
8,
2,
1,
1,
1,
1,
1,
1,
1,
1,
0,
0,
3,
2,
1,
0,
3,
0,
2631,
2,
0,
2,
2505,
2323,
2015,
1784,
1659,
1637,
1418,
1230,
1070,
937,
874,
811,
811,
811,
713,
622,
538,
474,
412,
392,
392,
392,
392,
392,
392,
392,
370,
322,
285,
272,
272,
272,
272,
272,
272,
272,
265,
236,
206,
181,
160,
138,
118,
104,
90,
76,
62,
55,
48,
41,
34,
27,
27,
20,
19,
13,
13,
7,
6,
6,
6,
6,
0,
0,
1,
1,
1,
0,
2,
1,
2,
1,
0,
0,
2692,
2550,
2397,
2088,
1836,
1703,
1688,
1459,
1268,
1095,
954,
870,
821,
821,
813,
703,
611,
534,
464,
401,
358,
310,
268,
233,
205,
177,
157,
157,
157,
157,
157,
157,
156,
136,
121,
107,
93,
80,
72,
65,
57,
50,
44,
38,
38,
38,
38,
38,
38,
38,
38,
38,
38,
38,
38,
38,
38,
38,
38,
38,
38,
38,
38,
38,
38,
38,
38,
38,
38,
38,
38,
38,
38,
38,
38,
38,
38,
38,
38,
38,
38,
38,
38,
38,
38,
38,
38,
38,
38,
38,
38,
38,
38,
38,
38,
38,
38,
38,
38,
37,
37,
30,
29,
23,
23,
17,
16,
16,
10,
9,
9,
9,
4,
3,
2,
2,
2,
2,
2,
2,
1,
11,
11,
11,
5,
4,
4,
4,
4,
1,
2614,
6,
2284,
2169,
1990,
1731,
1514,
1409,
1360,
1318,
1143,
1003,
870,
755,
674,
667,
583,
555,
555,
555,
555,
492,
429,
370,
318,
276,
240,
212,
184,
156,
135,
121,
100,
87,
79,
65,
58,
51,
44,
37,
30,
24,
23,
17,
16,
16,
9,
9,
9,
8,
3,
2,
2,
2,
2,
2,
2,
2,
0,
6,
0,
0,
0,
0,
0,
0,
3,
0,
3,
3,
3,
0,
2744,
4,
2639,
2303,
2051,
1922,
1834,
1603,
1393,
1231,
1135,
1106,
1106,
967,
840,
728,
630,
546,
475,
413,
413,
406,
358,
315,
287,
287,
287,
287,
287,
287,
287,
280,
245,
210,
182,
155,
134,
119,
104,
85,
77,
63,
56,
49,
42,
35,
28,
22,
21,
15,
14,
14,
13,
7,
7,
7,
6,
1,
0,
0,
1,
1,
1,
1,
0,
3,
2,
1,
0,
2,
2624,
1,
1,
0,
2490,
2350,
2050,
1810,
1692,
1692,
1483,
1299,
1139,
1027,
957,
908,
908,
866,
761,
670,
585,
509,
446,
384,
341,
293,
257,
223,
221,
221,
215,
194,
166,
145,
131,
114,
104,
104,
104,
104,
104,
104,
104,
104,
104,
104,
104,
104,
104,
104,
104,
104,
104,
104,
104,
104,
103,
92,
82,
68,
61,
53,
41,
40,
33,
26,
20,
19,
18,
12,
12,
12,
6,
5,
5,
5,
5,
5,
3,
0,
3,
2,
1,
0,
2,
1,
1,
0,
3,
2621,
2,
1,
0,
2404,
2319,
2054,
1782,
1606,
1487,
1487,
1318,
1144,
998,
871,
808,
745,
688,
688,
688,
653,
564,
493,
430,
374,
325,
284,
248,
220,
190,
164,
143,
122,
108,
95,
87,
74,
66,
59,
52,
44,
37,
31,
31,
24,
23,
17,
16,
10,
10,
10,
4,
4,
4,
4,
4,
4,
4,
4,
4,
4,
4,
4,
4,
4,
4,
4,
4,
4,
4,
4,
4,
4,
4,
4,
4,
4,
4,
4,
4,
4,
4,
4,
4,
4,
4,
4,
4,
4,
4,
4,
4,
4,
4,
4,
4,
4,
4,
4,
4,
4,
4,
4,
4,
4,
4,
4,
4,
4,
4,
4,
4,
4,
4,
4,
4,
4,
4,
4,
4,
4,
4,
4,
4,
4,
4,
4,
4,
4,
4,
4,
4,
4,
4,
4,
4,
4,
4,
4,
4,
4,
4,
4,
4,
4,
4,
4,
4,
4,
4,
4,
4,
4,
4,
4,
4,
4,
4,
4,
4,
4,
4,
4,
4,
4,
4,
4,
4,
4,
4,
4,
4,
4,
4,
4,
4,
4,
4,
4,
4,
4,
4,
4,
4,
4,
4,
4,
4,
4,
4,
4,
4,
4,
4,
4,
4,
4,
4,
4,
4,
4,
4,
4,
4,
4,
4,
4,
4,
4,
4,
4,
4,
4,
4,
4,
4,
4,
4,
4,
4,
4,
4,
4,
4,
4,
4,
4,
4,
4,
4,
4,
4,
4,
4,
4,
4,
4,
4,
4,
4,
4,
4,
4,
4,
4,
4,
4,
4,
4,
4,
4,
4,
4,
4,
4,
4,
4,
4,
4,
4,
3,
3,
3,
3,
3,
3,
3,
3,
3,
3,
3,
3,
3,
3,
3,
3,
2,
2,
2,
0,
0,
0,
1,
1,
0,
0,
1,
2860,
2476,
2155,
2021,
1958,
1700,
1482,
1286,
1167,
1153,
1140,
999,
860,
747,
642,
558,
481,
453,
453,
398,
375,
362,
362,
362,
362,
362,
355,
313,
271,
236,
208,
180,
152,
138,
117,
103,
89,
81,
68,
55,
51,
47,
40,
33,
26,
26,
19,
19,
19,
13,
12,
12,
6,
5,
5,
5,
5,
1,
15,
15,
14,
8,
8,
8,
8,
8,
8,
4,
2,
1,
1,
1,
1,
1,
1,
1,
1,
1,
1,
1,
1,
1,
0,
8,
2750,
2624,
2344,
2029,
1826,
1763,
1623,
1400,
1211,
1049,
986,
902,
902,
888,
769,
664,
573,
496,
433,
377,
322,
279,
242,
209,
181,
153,
146,
146,
146,
138,
119,
105,
91,
83,
70,
62,
55,
48,
41,
35,
34,
27,
27,
27,
27,
27,
27,
27,
27,
27,
27,
27,
27,
27,
27,
27,
27,
27,
27,
27,
27,
27,
27,
27,
27,
27,
27,
27,
27,
27,
27,
27,
27,
27,
27,
27,
27,
27,
27,
27,
27,
27,
27,
27,
27,
27,
27,
27,
27,
27,
27,
27,
27,
27,
27,
27,
27,
27,
27,
27,
27,
27,
27,
27,
27,
27,
27,
27,
27,
27,
27,
27,
27,
27,
27,
27,
27,
27,
27,
27,
27,
27,
26,
20,
20,
19,
13,
13,
12,
6,
6,
6,
6,
5,
0,
7,
2,
0,
1,
1,
0,
0,
0,
0,
1,
3,
1,
1,
1,
1,
0,
1,
2622,
1,
2341,
2216,
2048,
1775,
1550,
1411,
1363,
1314,
1145,
991,
858,
739,
641,
628,
550,
509,
509,
509,
509,
480,
417,
361,
312,
270,
235,
201,
178,
151,
130,
116,
96,
88,
74,
61,
53,
46,
39,
33,
32,
25,
19,
18,
13,
11,
11,
11,
4,
4,
4,
4,
4,
3,
0,
2,
0,
3,
2,
1,
0,
5,
4,
1,
0,
2704,
2,
2,
0,
2620,
2277,
1969,
1829,
1829,
1591,
1374,
1191,
1122,
996,
996,
983,
856,
744,
645,
556,
485,
422,
373,
322,
276,
276,
276,
247,
213,
187,
163,
155,
155,
155,
155,
155,
155,
155,
155,
155,
155,
155,
155,
155,
149,
135,
114,
100,
86,
73,
65,
58,
45,
44,
37,
30,
24,
23,
17,
16,
16,
10,
9,
9,
9,
3,
2,
2,
2,
2,
2,
1,
0,
1,
0,
2,
2,
1,
0,
3,
2618,
3,
0,
2387,
2338,
2023,
1750,
1561,
1456,
1436,
1253,
1093,
960,
840,
777,
717,
652,
652,
652,
637,
554,
490,
427,
377,
327,
287,
246,
217,
189,
161,
140,
126,
106,
91,
84,
70,
63,
56,
48,
41,
35,
28,
28,
21,
21,
14,
14,
13,
7,
7,
7,
7,
7,
7,
7,
7,
7,
7,
7,
7,
7,
7,
7,
7,
7,
7,
7,
7,
7,
7,
7,
7,
7,
7,
7,
7,
7,
7,
7,
7,
7,
7,
7,
7,
7,
7,
7,
7,
7,
7,
7,
7,
7,
7,
7,
7,
7,
7,
7,
7,
7,
7,
7,
7,
7,
7,
7,
7,
7,
7,
7,
7,
7,
7,
7,
7,
7,
7,
7,
7,
7,
7,
7,
7,
7,
7,
7,
7,
7,
7,
7,
7,
7,
7,
7,
7,
7,
7,
7,
7,
7,
7,
7,
7,
7,
7,
7,
7,
7,
7,
7,
7,
7,
7,
7,
7,
7,
7,
7,
7,
7,
7,
7,
7,
7,
7,
7,
7,
7,
7,
7,
7,
7,
7,
7,
7,
7,
7,
7,
7,
7,
7,
7,
7,
7,
7,
7,
7,
7,
7,
7,
7,
7,
7,
7,
7,
7,
7,
7,
7,
7,
7,
7,
7,
7,
7,
7,
7,
7,
7,
6,
4,
1,
1,
1,
1,
1,
1,
1,
1,
1,
1,
1,
1,
1,
1,
1,
0,
4,
0,
1,
4,
1,
0,
2,
2882,
2515,
2186,
2059,
1982,
1710,
1481,
1352,
1219,
1219,
1149,
995,
863,
771,
673,
582,
512,
511,
444,
386,
386,
386,
386,
386,
386,
352,
309,
281,
253,
218,
190,
162,
141,
120,
106,
92,
78,
64,
57,
50,
42,
36,
29,
23,
22,
16,
15,
15,
8,
8,
8,
8,
2,
2,
1,
1,
1,
1,
1,
1,
1,
0,
12,
12,
11,
5,
5,
5,
5,
5,
0,
2,
0,
2733,
6,
2620,
2306,
1998,
1830,
1781,
1620,
1432,
1242,
1074,
1004,
948,
948,
905,
780,
675,
584,
507,
437,
374,
325,
283,
241,
234,
234,
234,
213,
192,
178,
164,
143,
136,
136,
136,
136,
136,
136,
136,
136,
136,
136,
136,
136,
136,
136,
136,
129,
115,
100,
86,
73,
62,
52,
45,
38,
37,
31,
24,
18,
17,
16,
10,
10,
10,
4,
3,
3,
3,
3,
3,
3,
2,
0,
6,
0,
0,
0,
0,
0,
0,
1,
1,
0,
2,
0,
2640,
1,
1,
0,
2345,
2284,
2031,
1758,
1604,
1478,
1477,
1282,
1107,
960,
834,
771,
722,
638,
638,
638,
638,
555,
484,
415,
365,
316,
274,
253,
226,
197,
169,
148,
127,
106,
92,
78,
70,
57,
50,
43,
36,
29,
28,
22,
16,
15,
15,
15,
8,
8,
8,
7,
2,
1,
1,
1,
1,
1,
1,
1,
1,
0,
0,
7,
5,
1,
1,
0,
4,
2,
2863,
3,
3,
1,
2642,
2288,
2065,
2029,
1812,
1574,
1392,
1295,
1217,
1217,
1076,
951,
832,
720,
622,
538,
538,
496,
433,
412,
412,
412,
412,
412,
377,
328,
279,
244,
209,
181,
154,
132,
118,
97,
84,
76,
62,
55,
48,
41,
34,
27,
21,
20,
19,
13,
13,
7,
6,
6,
6,
5,
0,
0,
3,
3,
1,
0,
3,
5,
2741,
5,
2,
1,
0,
2615,
2314,
2034,
1810,
1754,
1621,
1419,
1229,
1067,
1012,
949,
949,
907,
788,
690,
599,
516,
452,
396,
340,
292,
269,
269,
269,
257,
228,
200,
172,
150,
143,
143,
143,
143,
143,
143,
143,
143,
143,
143,
143,
143,
143,
143,
137,
123,
102,
88,
75,
67,
58,
47,
42,
38,
32,
25,
21,
18,
18,
11,
11,
11,
5,
4,
4,
4,
4,
3,
0,
1,
1,
1,
1,
0,
4,
3,
1,
0,
3,
3,
0,
2865,
2767,
2657,
2304,
2013,
1880,
1842,
1627,
1404,
1215,
1103,
1026,
1026,
957,
830,
718,
620,
536,
466,
403,
347,
319,
319,
319,
284,
244,
214,
194,
194,
194,
194,
194,
194,
194,
194,
194,
194,
194,
179,
158,
136,
116,
102,
88,
74,
66,
53,
46,
39,
33,
32,
25,
19,
18,
18,
11,
11,
11,
5,
4,
4,
4,
4,
4,
4,
1,
16,
16,
10,
9,
9,
9,
3,
3,
2,
2,
2,
2,
2,
2,
2,
1,
0,
7,
2626,
2394,
2352,
2037,
1764,
1603,
1575,
1477,
1275,
1106,
987,
874,
814,
742,
742,
742,
686,
595,
519,
470,
406,
350,
302,
265,
225,
196,
168,
147,
126,
105,
91,
77,
69,
56,
49,
42,
35,
28,
28,
28,
28,
28,
28,
28,
28,
28,
28,
28,
28,
28,
28,
28,
28,
28,
28,
28,
28,
28,
28,
28,
28,
22,
21,
21,
21,
20,
15,
14,
14,
14,
14,
13,
8,
7,
7,
7,
7,
7,
7,
7,
7,
7,
7,
7,
7,
7,
6,
6,
2,
2,
1,
1,
1,
1,
1,
1,
1,
1,
1,
1,
1,
1,
1,
1,
1,
1,
1,
1,
0,
6,
1,
0,
0,
1,
1,
0,
0,
0,
0,
4,
2,
3,
3,
1,
2882,
4,
2497,
2245,
2119,
1986,
1727,
1496,
1391,
1286,
1286,
1146,
993,
859,
747,
642,
590,
580,
509,
467,
467,
467,
467,
467,
404,
349,
305,
263,
223,
194,
166,
145,
124,
110,
95,
81,
68,
60,
48,
41,
34,
33,
26,
26,
20,
19,
16,
12,
12,
11,
5,
5,
5,
5,
5,
0,
5,
0,
0,
2,
2,
0,
1,
1,
1,
1,
0,
2739,
1,
2642,
2301,
1991,
1809,
1808,
1599,
1383,
1200,
1095,
996,
976,
976,
878,
759,
654,
570,
493,
436,
374,
325,
277,
276,
276,
270,
241,
212,
185,
157,
150,
150,
150,
150,
150,
150,
150,
150,
150,
150,
150,
150,
150,
150,
136,
121,
101,
87,
73,
66,
53,
51,
44,
38,
31,
25,
24,
18,
17,
17,
11,
10,
10,
9,
4,
3,
3,
3,
3,
3,
2,
0,
0,
2,
1,
1,
1,
0,
1,
2,
2620,
2,
0,
2381,
2332,
2024,
1757,
1597,
1485,
1464,
1268,
1100,
953,
820,
750,
687,
621,
621,
621,
617,
546,
470,
407,
358,
309,
267,
232,
197,
169,
148,
127,
106,
92,
78,
71,
57,
50,
43,
36,
29,
28,
22,
16,
15,
14,
8,
8,
8,
2,
2,
1,
1,
1,
1,
1,
0,
1,
0,
1,
1,
0,
1,
4,
2870,
2695,
2359,
2107,
2030,
1834,
1589,
1379,
1267,
1170,
1170,
1057,
917,
798,
700,
602,
525,
456,
456,
413,
357,
329,
329,
329,
329,
329,
329,
322,
280,
245,
215,
189,
161,
140,
120,
105,
91,
77,
70,
57,
49,
42,
35,
29,
28,
21,
21,
14,
14,
8,
7,
7,
7,
4,
1,
0,
20,
14,
13,
13,
7,
6,
6,
6,
5,
0,
4,
2655,
2537,
2315,
2008,
1811,
1684,
1629,
1418,
1236,
1068,
935,
844,
802,
802,
789,
689,
592,
515,
444,
382,
332,
284,
243,
213,
180,
158,
137,
116,
101,
88,
75,
67,
54,
54,
54,
54,
54,
54,
54,
54,
54,
54,
54,
53,
49,
46,
39,
38,
32,
32,
26,
25,
24,
18,
18,
18,
17,
12,
11,
11,
11,
11,
11,
11,
11,
10,
5,
5,
5,
5,
5,
5,
4,
4,
4,
4,
4,
4,
4,
4,
4,
4,
4,
4,
4,
4,
4,
4,
4,
4,
4,
4,
3,
3,
0,
8,
1,
0,
0,
0,
0,
0,
0,
0,
3,
2,
1,
0,
2,
1,
1,
0,
2879,
0,
2501,
2214,
2088,
1941,
1682,
1458,
1305,
1227,
1227,
1087,
940,
814,
709,
618,
541,
492,
464,
401,
366,
366,
366,
366,
366,
366,
331,
289,
248,
219,
187,
163,
142,
121,
107,
93,
79,
71,
58,
51,
44,
37,
30,
30,
23,
22,
16,
16,
11,
9,
9,
9,
8,
3,
2,
2,
2,
2,
2,
2,
2,
1,
0,
0,
1,
0,
1,
0,
9,
2695,
4,
4,
1,
0,
2569,
2345,
2030,
1799,
1729,
1625,
1408,
1225,
1097,
1029,
916,
916,
916,
805,
700,
630,
546,
475,
406,
351,
302,
265,
224,
196,
195,
195,
182,
161,
141,
126,
112,
98,
85,
77,
77,
77,
77,
77,
77,
77,
77,
77,
77,
77,
77,
77,
77,
77,
77,
77,
77,
77,
77,
77,
77,
77,
77,
77,
77,
77,
77,
70,
62,
49,
42,
35,
34,
28,
21,
20,
14,
14,
8,
7,
7,
7,
1,
0,
2,
4,
5,
1,
0,
3,
1,
2636,
3,
1,
0,
2399,
2280,
2048,
1804,
1559,
1412,
1412,
1321,
1146,
992,
858,
740,
685,
607,
559,
559,
559,
559,
496,
432,
370,
320,
278,
239,
208,
180,
152,
131,
114,
96,
83,
75,
68,
54,
47,
40,
33,
32,
26,
19,
19,
13,
12,
12,
11,
5,
5,
5,
5,
1,
2,
2,
3,
1,
0,
4,
1,
1,
1,
1,
0,
1,
2880,
2753,
2377,
2118,
1998,
1865,
1626,
1437,
1299,
1172,
1172,
1095,
976,
844,
731,
633,
549,
472,
465,
423,
368,
339,
339,
339,
339,
339,
339,
325,
283,
248,
219,
190,
164,
143,
124,
108,
94,
81,
73,
66,
53,
45,
43,
38,
31,
30,
24,
18,
17,
17,
11,
10,
10,
10,
10,
9,
4,
3,
3,
3,
3,
2,
2,
17,
17,
10,
10,
10,
10,
9,
4,
4,
3,
3,
3,
3,
3,
3,
3,
3,
3,
2,
0,
8,
2689,
2563,
2304,
2003,
1779,
1674,
1591,
1380,
1191,
1030,
918,
827,
799,
799,
785,
680,
583,
505,
436,
379,
330,
282,
246,
218,
190,
162,
141,
120,
106,
99,
99,
99,
99,
99,
99,
99,
99,
99,
92,
79,
71,
64,
56,
48,
43,
36,
30,
29,
23,
22,
22,
16,
15,
15,
15,
15,
14,
9,
8,
8,
8,
8,
8,
8,
8,
8,
8,
8,
8,
7,
5,
2,
2,
2,
2,
2,
1,
1,
1,
1,
1,
1,
1,
1,
1,
1,
1,
1,
1,
1,
1,
1,
1,
1,
1,
1,
1,
1,
1,
1,
1,
1,
1,
1,
1,
1,
1,
1,
1,
1,
1,
1,
1,
1,
1,
1,
1,
1,
1,
1,
1,
1,
1,
1,
1,
1,
1,
1,
1,
1,
1,
1,
1,
1,
1,
1,
1,
1,
1,
1,
1,
1,
1,
1,
1,
1,
1,
1,
1,
1,
1,
1,
1,
0,
3,
3,
3,
0,
0,
0,
0,
0,
0,
1,
3,
3,
1,
0,
0,
2875,
1,
2491,
2277,
2190,
1966,
1714,
1503,
1350,
1343,
1267,
1098,
958,
831,
714,
629,
624,
552,
510,
510,
510,
510,
483,
426,
370,
321,
286,
244,
216,
188,
160,
139,
125,
104,
90,
83,
69,
62,
55,
48,
41,
34,
27,
27,
22,
20,
18,
13,
13,
7,
6,
6,
6,
6,
2,
0,
0,
0,
0,
2,
2,
1,
0,
3000,
1,
2880,
2504,
2251,
2154,
1936,
1684,
1460,
1341,
1299,
1263,
1096,
949,
823,
711,
620,
578,
543,
473,
457,
457,
457,
457,
438,
382,
332,
284,
249,
214,
186,
158,
137,
122,
102,
88,
75,
67,
60,
52,
42,
39,
32,
26,
25,
18,
18,
13,
11,
11,
11,
11,
5,
4,
4,
4,
4,
4,
3,
0,
0,
0,
3,
3,
1,
0,
5,
3,
2,
0,
2739,
1,
2648,
2298,
1990,
1815,
1815,
1605,
1388,
1200,
1107,
995,
975,
975,
877,
758,
653,
570,
492,
429,
367,
317,
275,
247,
247,
247,
219,
191,
163,
142,
127,
119,
119,
119,
119,
119,
119,
119,
119,
119,
119,
119,
119,
119,
119,
119,
119,
119,
115,
106,
87,
79,
65,
58,
51,
44,
37,
30,
23,
23,
16,
16,
15,
9,
9,
9,
3,
2,
2,
2,
2,
2,
1,
0,
0,
1,
1,
1,
0,
1,
1,
1,
1,
0,
2792,
2701,
2611,
2267,
1966,
1811,
1811,
1592,
1378,
1196,
1098,
993,
979,
979,
874,
763,
665,
588,
516,
447,
391,
337,
293,
286,
286,
265,
230,
202,
175,
168,
168,
168,
168,
168,
168,
168,
168,
168,
168,
168,
168,
161,
146,
131,
111,
97,
83,
69,
62,
54,
42,
40,
34,
27,
20,
20,
13,
13,
12,
6,
6,
6,
5,
0,
21,
15,
14,
13,
7,
7,
7,
6,
1,
0,
2616,
7,
2399,
2350,
2035,
1790,
1650,
1574,
1503,
1328,
1148,
992,
901,
839,
775,
775,
775,
698,
601,
523,
453,
390,
335,
292,
251,
216,
187,
166,
144,
124,
103,
89,
76,
68,
55,
51,
51,
51,
51,
51,
51,
51,
51,
51,
51,
51,
51,
51,
51,
47,
47,
40,
38,
33,
33,
26,
26,
26,
20,
19,
19,
19,
18,
13,
12,
12,
12,
12,
12,
11,
6,
6,
6,
5,
5,
5,
5,
5,
5,
5,
5,
5,
5,
5,
4,
4,
3,
0,
3,
3,
1,
0,
0,
0,
1,
0,
1,
0,
0,
6,
3,
3,
1,
5,
4,
2,
0,
2881,
3,
2510,
2186,
2055,
1935,
1683,
1459,
1354,
1277,
1277,
1130,
980,
850,
738,
668,
605,
598,
526,
478,
478,
478,
478,
472,
410,
360,
311,
269,
235,
220,
199,
171,
150,
129,
108,
94,
80,
72,
59,
52,
45,
38,
31,
24,
24,
17,
17,
11,
10,
10,
9,
3,
3,
3,
3,
3,
2,
3,
0,
1,
3,
3,
6,
1,
0,
2731,
3,
2640,
2283,
1982,
1843,
1842,
1597,
1387,
1226,
1149,
1030,
1030,
1002,
897,
778,
674,
582,
505,
435,
378,
358,
358,
336,
289,
253,
232,
232,
232,
232,
232,
232,
232,
232,
232,
218,
190,
163,
141,
120,
106,
92,
78,
65,
57,
50,
43,
36,
29,
28,
22,
16,
15,
14,
8,
8,
8,
6,
2,
1,
1,
1,
1,
1,
1,
1,
1,
0,
3,
0,
2,
1,
1,
0,
4,
2,
2,
1,
2638,
2,
2449,
2366,
2079,
1798,
1623,
1603,
1490,
1287,
1113,
965,
888,
804,
790,
790,
770,
665,
579,
496,
433,
371,
321,
279,
245,
230,
203,
175,
153,
132,
112,
97,
91,
91,
91,
91,
91,
91,
91,
91,
87,
77,
69,
62,
54,
47,
41,
34,
34,
27,
27,
26,
20,
20,
20,
19,
13,
13,
13,
13,
13,
13,
12,
7,
7,
6,
6,
6,
6,
6,
6,
6,
6,
6,
6,
6,
6,
5,
5,
4,
3,
2,
1,
1,
0,
2,
1,
0,
0,
2,
6,
4,
4,
1,
8,
3597079,
3,
3,
3,
0,
0,
17,
2,
7,
7,
4,
0,
19,
3,
3,
3,
3,
3,
3,
0,
15,
1,
1,
1,
1,
1,
1,
1,
1,
1,
1,
1,
1,
1,
1,
1,
1,
1,
0,
17,
1,
1,
1,
1,
1,
1,
1,
1,
1,
1,
1,
1,
1,
1,
1,
1,
1,
1,
1,
0,
18,
1,
2,
6,
6,
6,
2,
1,
0,
18,
2,
0,
3,
6,
6,
6,
4,
1,
0,
17,
1,
0,
1,
1,
1,
1,
1,
1,
1,
1,
1,
1,
1,
1,
1,
1,
1,
1,
1,
1,
0,
18,
0,
1,
2,
1,
1,
1,
1,
1,
1,
1,
1,
1,
1,
1,
1,
1,
1,
1,
1,
1,
1,
1,
1,
1,
0,
20,
2,
2,
2,
2,
2,
2,
2,
2,
2,
2,
1,
20,
3,
3,
3,
3,
3,
3,
3,
1,
20,
3,
3,
3,
3,
3,
3,
3,
1,
20,
2,
2,
2,
2,
2,
2,
2,
2,
2,
2,
1,
0,
20,
5,
5,
5,
5,
1,
19,
2,
0,
1,
1,
1,
1,
1,
1,
1,
1,
1,
1,
1,
1,
1,
1,
1,
1,
1,
1,
1,
1,
1,
1,
0,
21,
1,
4,
4,
4,
4,
4,
1,
1,
0,
17,
3,
0,
1,
0,
5,
5,
5,
5,
0,
19,
3,
3,
3,
3,
3,
3,
2,
0,
17,
3,
1,
2,
2,
2,
2,
2,
2,
2,
2,
2,
2,
0,
17,
2,
2,
2,
2,
2,
2,
2,
2,
2,
1,
13,
2,
2,
2,
2,
2,
2,
2,
2,
2,
0,
17,
1,
2,
2,
2,
2,
2,
2,
2,
2,
2,
1,
18,
1,
3,
2,
2,
2,
2,
2,
2,
2,
2,
2,
2,
2,
1,
0,
20,
3,
3,
3,
3,
3,
3,
1,
1,
0,
19,
1,
1,
0,
1,
1,
1,
1,
1,
1,
1,
1,
1,
1,
1,
1,
1,
1,
1,
1,
1,
1,
1,
1,
1,
0,
19,
1,
1,
1,
1,
1,
1,
1,
1,
1,
1,
1,
1,
1,
1,
1,
1,
1,
1,
1,
0,
20,
5,
5,
5,
5,
0,
6,
7,
7,
1,
2,
2,
2,
2,
2,
2,
2,
2,
2,
2,
0,
15,
2,
3,
0,
3,
3,
3,
3,
3,
3,
3,
1,
17,
3,
2,
2,
2,
2,
2,
2,
2,
2,
2,
2,
0,
19,
2,
2,
2,
2,
2,
2,
2,
2,
2,
2,
1,
17,
3,
0,
0,
0,
0,
2,
2,
2,
2,
2,
2,
2,
2,
2,
2,
0,
19,
1,
0,
0,
4,
4,
4,
4,
4,
0,
18,
2,
2,
2,
2,
2,
2,
2,
2,
2,
2,
2,
0,
15,
3,
5,
5,
5,
4,
0,
16,
0,
3,
0,
3,
3,
3,
3,
3,
3,
0,
17,
1,
2,
2,
2,
2,
2,
2,
2,
2,
2,
0,
14,
1,
2,
2,
0,
1,
5,
5,
5,
5,
0,
17,
2,
1,
0,
7,
7,
7,
1,
17,
2,
2,
2,
2,
2,
2,
2,
2,
2,
0,
17,
1,
1,
1,
1,
1,
1,
1,
1,
1,
1,
1,
1,
1,
1,
1,
1,
1,
0,
15,
5,
1,
0,
0,
0,
1,
1,
1,
1,
1,
1,
1,
1,
1,
1,
1,
1,
1,
1,
1,
1,
1,
1,
1,
1,
1,
0,
20,
2,
0,
5,
5,
5,
5,
0,
17,
1,
1,
3,
3,
3,
3,
3,
3,
3,
1,
19,
1,
7,
7,
7,
2,
18,
7,
7,
5,
1,
0,
13,
6,
2,
0,
6,
6,
6,
2,
1,
0,
19,
0,
0,
1,
1,
1,
1,
1,
1,
1,
1,
1,
1,
1,
1,
1,
1,
1,
1,
1,
1,
1,
0,
18,
1,
1,
1,
1,
1,
1,
1,
1,
1,
1,
1,
1,
1,
1,
1,
1,
1,
1,
0,
16,
0,
2,
2,
5,
5,
5,
5,
1,
13,
5,
2,
2,
2,
2,
2,
2,
2,
2,
2,
1,
0,
20,
1,
11,
10,
0,
12,
5,
3,
3,
3,
3,
3,
2,
0,
13,
6,
1,
1,
1,
1,
1,
1,
1,
1,
1,
1,
1,
1,
1,
1,
1,
1,
1,
1,
1,
0,
21,
3,
3,
3,
3,
3,
3,
3,
1,
7,
6,
7,
2,
2,
2,
2,
2,
2,
2,
2,
2,
2,
0,
16,
2,
4,
8,
8,
5,
0,
11,
0,
10,
0,
7,
7,
7,
2,
0,
18,
4,
3,
3,
3,
3,
3,
3,
3,
0,
18,
6,
6,
6,
0,
20,
3,
3,
3,
3,
3,
3,
3,
1,
10,
3,
3,
3,
2,
0,
21,
4,
4,
4,
4,
4,
1,
0,
20,
8,
8,
4,
0,
15,
5,
3,
3,
3,
3,
3,
3,
2,
0,
11,
2,
7,
2,
2,
2,
2,
2,
2,
2,
2,
2,
2,
1,
19,
1,
1,
1,
1,
1,
1,
1,
1,
1,
1,
1,
1,
1,
1,
1,
1,
1,
1,
1,
1,
0,
16,
3,
3,
3,
3,
3,
1,
0,
19,
3,
3,
3,
3,
3,
3,
0,
18,
2,
2,
2,
2,
2,
2,
2,
2,
2,
1,
0,
13,
0,
8,
5,
0,
6,
1,
1,
1,
1,
1,
1,
0,
9,
5,
4,
0,
4,
0,
1,
1,
1,
1,
0,
4,
1,
3,
1,
1,
1,
1,
1,
1,
1,
1,
0,
8,
8,
7,
7,
1,
1,
0,
18,
5,
5,
5,
2,
0,
16,
1,
5,
5,
5,
2,
0,
12,
3,
1,
3,
2,
2,
2,
2,
2,
2,
2,
2,
2,
2,
1,
14,
5,
5,
5,
5,
5,
1,
20,
1,
1,
1,
1,
1,
1,
1,
1,
1,
1,
1,
1,
1,
1,
1,
1,
1,
1,
1,
1,
1,
0,
21,
5,
5,
5,
5,
1,
0,
15,
3,
2,
2,
2,
2,
2,
2,
2,
2,
2,
0,
16,
1,
2,
2,
2,
2,
2,
2,
2,
2,
0,
15,
6,
4,
4,
4,
4,
4,
2,
0,
15,
2,
2,
2,
2,
2,
2,
2,
1,
0,
14,
3,
10,
7,
0,
10,
8,
4,
4,
4,
4,
4,
4,
2,
0,
22,
2,
2,
2,
2,
2,
2,
2,
2,
2,
2,
2,
1,
20,
9,
9,
2,
1,
0,
18,
1,
2,
2,
2,
2,
2,
2,
2,
2,
2,
0,
17,
0,
1,
1,
1,
1,
1,
1,
1,
1,
1,
1,
1,
1,
1,
1,
1,
1,
1,
1,
0,
20,
1,
1,
1,
1,
1,
1,
1,
1,
1,
1,
1,
1,
1,
1,
1,
1,
1,
1,
1,
1,
0,
18,
3,
3,
3,
3,
3,
3,
0,
18,
2,
2,
2,
2,
2,
2,
2,
2,
2,
0,
16,
7,
7,
1,
1,
0,
7,
4,
3,
3,
3,
1,
1,
0,
8,
1,
1,
1,
1,
1,
1,
1,
1,
0,
9,
1,
1,
1,
1,
1,
1,
1,
1,
1,
0,
14,
5,
4,
4,
4,
4,
0,
16,
1,
6,
6,
6,
2,
1,
19,
2,
4,
4,
4,
4,
4,
1,
1,
0,
13,
4,
0,
11,
6,
0,
12,
6,
4,
4,
4,
4,
2,
0,
19,
2,
1,
4,
4,
4,
4,
4,
1,
1,
0,
17,
3,
6,
6,
6,
1,
1,
0,
19,
1,
7,
7,
5,
1,
20,
2,
2,
2,
2,
2,
2,
2,
2,
2,
2,
2,
1,
17,
2,
2,
5,
5,
5,
5,
1,
1,
0,
20,
1,
1,
1,
1,
1,
1,
1,
1,
1,
1,
1,
1,
1,
1,
1,
1,
1,
1,
1,
1,
1,
1,
0,
17,
1,
12,
6,
0,
13,
0,
1,
1,
1,
1,
1,
1,
1,
1,
1,
1,
1,
1,
1,
0,
5,
3,
0,
6,
4,
3,
3,
3,
3,
3,
3,
3,
3,
1,
18,
7,
7,
5,
0,
20,
2,
2,
2,
2,
2,
2,
2,
2,
2,
2,
1,
17,
0,
0,
8,
8,
1,
1,
0,
17,
1,
1,
1,
1,
1,
1,
1,
1,
1,
1,
1,
1,
1,
1,
1,
1,
1,
0,
15,
2,
1,
1,
1,
1,
1,
1,
1,
1,
1,
1,
1,
1,
1,
1,
1,
1,
1,
0,
21,
5,
5,
5,
5,
0,
17,
1,
1,
1,
1,
1,
1,
1,
1,
1,
1,
1,
1,
1,
1,
1,
1,
1,
1,
0,
20,
6,
6,
6,
2,
0,
15,
7,
6,
6,
6,
3,
1,
0,
20,
7,
7,
6,
0,
8,
6,
8,
5,
5,
5,
5,
2,
0,
17,
5,
1,
1,
1,
1,
1,
1,
1,
1,
1,
1,
1,
1,
1,
1,
1,
1,
1,
1,
1,
1,
1,
1,
0,
15,
2,
4,
0,
1,
5,
5,
5,
5,
1,
1,
0,
19,
4,
4,
4,
4,
3,
0,
20,
3,
3,
3,
3,
3,
3,
1,
1,
0,
16,
3,
6,
6,
6,
1,
0,
7,
2,
1,
1,
1,
1,
1,
1,
1,
1,
1,
0,
8,
8,
0,
2,
4,
4,
4,
4,
2,
0,
16,
2,
7,
7,
3,
0,
19,
2,
2,
2,
2,
2,
2,
2,
2,
2,
2,
1,
5,
0,
3,
5,
7,
7,
0,
11,
6,
3,
3,
3,
3,
3,
1,
1,
0,
13,
8,
4,
4,
4,
4,
4,
0,
17,
3,
3,
3,
3,
3,
3,
0,
18,
1,
1,
1,
1,
1,
1,
1,
1,
1,
1,
1,
1,
1,
1,
1,
1,
1,
1,
0,
14,
1,
0,
4,
1,
1,
1,
1,
1,
1,
1,
1,
1,
1,
1,
1,
1,
1,
1,
1,
1,
1,
1,
1,
1,
0,
12,
5,
2,
2,
2,
2,
2,
2,
2,
2,
0,
19,
0,
5,
5,
5,
5,
0,
16,
0,
1,
1,
1,
1,
1,
1,
1,
1,
1,
1,
1,
1,
1,
1,
1,
1,
0,
22,
0,
7,
7,
7,
0,
20,
4,
4,
4,
4,
4,
1,
0,
20,
2,
2,
2,
2,
2,
2,
2,
2,
2,
2,
1,
16,
3,
8,
8,
4,
0,
4,
14,
13,
4,
0,
11,
3,
3,
3,
3,
0,
14,
5,
1,
3,
3,
3,
3,
3,
3,
1,
1,
0,
19,
2,
2,
2,
2,
2,
2,
2,
2,
2,
0,
15,
1,
4,
5,
5,
5,
5,
2,
14,
2,
3,
1,
1,
1,
1,
1,
1,
1,
1,
1,
1,
1,
1,
1,
1,
1,
1,
1,
1,
1,
1,
1,
1,
0,
20,
2,
11,
11,
0,
13,
3,
1,
6,
6,
5,
0,
14,
8,
6,
6,
6,
1,
1,
1,
1,
0,
19,
1,
9,
9,
1,
1,
0,
19,
1,
1,
1,
1,
1,
1,
1,
1,
1,
1,
1,
1,
1,
1,
1,
1,
1,
1,
1,
0,
18,
3,
3,
3,
3,
3,
3,
1,
9,
8,
2,
1,
1,
1,
1,
1,
1,
1,
1,
1,
1,
1,
1,
1,
1,
1,
1,
1,
1,
1,
1,
0,
16,
1,
3,
10,
10,
0,
6,
1,
1,
1,
1,
1,
1,
0,
12,
6,
6,
0,
10,
3,
3,
3,
1,
0,
4,
2,
0,
8,
11,
3,
0,
4,
1,
0,
0,
15,
15,
5,
0,
6,
1,
1,
1,
1,
1,
1,
0,
3,
2,
4,
2,
2,
2,
2,
1,
0,
12,
6,
2,
2,
2,
2,
2,
2,
2,
2,
2,
1,
8,
11,
7,
7,
5,
1,
0,
6,
3,
3,
2,
4,
1,
1,
1,
1,
1,
1,
1,
1,
1,
1,
1,
1,
1,
1,
1,
1,
1,
1,
0,
17,
0,
6,
6,
5,
0,
19,
9,
9,
0,
19,
1,
0,
3,
3,
3,
3,
3,
3,
3,
1,
22,
6,
6,
6,
5,
0,
22,
2,
2,
2,
2,
2,
2,
2,
2,
2,
2,
2,
0,
11,
9,
2,
2,
2,
2,
2,
2,
2,
2,
2,
2,
1,
7,
12,
0,
3,
3,
3,
3,
3,
3,
2,
0,
21,
0,
1,
1,
1,
1,
1,
1,
1,
1,
1,
1,
1,
1,
1,
1,
1,
1,
1,
1,
1,
1,
1,
0,
18,
1,
1,
1,
1,
1,
1,
1,
1,
1,
1,
1,
1,
1,
1,
1,
1,
1,
1,
0,
20,
0,
1,
1,
1,
1,
1,
1,
1,
1,
1,
1,
1,
1,
1,
1,
1,
1,
1,
1,
1,
1,
0,
13,
5,
4,
4,
4,
4,
2,
1,
13,
5,
5,
4,
1,
17,
0,
3,
3,
3,
3,
3,
3,
0,
17,
1,
1,
1,
1,
1,
1,
1,
1,
1,
1,
1,
1,
1,
1,
1,
1,
1,
0,
9,
4,
7,
1,
1,
1,
1,
1,
1,
1,
1,
1,
1,
1,
1,
1,
1,
1,
1,
1,
1,
1,
1,
0,
20,
2,
2,
2,
2,
2,
2,
2,
2,
2,
2,
1,
13,
8,
2,
2,
2,
2,
2,
2,
2,
2,
2,
2,
2,
1,
17,
0,
3,
5,
5,
5,
5,
0,
17,
0,
4,
0,
7,
7,
7,
1,
18,
2,
2,
2,
2,
2,
2,
2,
2,
2,
2,
0,
19,
1,
1,
1,
1,
1,
1,
1,
1,
1,
1,
1,
1,
1,
1,
1,
1,
1,
1,
1,
0,
22,
2,
2,
2,
2,
2,
2,
2,
2,
2,
2,
2,
1,
19,
1,
1,
1,
1,
1,
1,
1,
1,
1,
1,
1,
1,
1,
1,
1,
1,
1,
1,
1,
1,
0,
20,
1,
1,
1,
1,
1,
1,
1,
1,
1,
1,
1,
1,
1,
1,
1,
1,
1,
1,
1,
1,
0,
20,
0,
0,
2,
2,
2,
2,
2,
2,
2,
2,
2,
2,
1,
16,
3,
1,
0,
7,
7,
7,
0,
20,
0,
2,
2,
2,
2,
2,
2,
2,
2,
2,
2,
1,
20,
1,
1,
1,
1,
1,
1,
1,
1,
1,
1,
1,
1,
1,
1,
1,
1,
1,
1,
1,
1,
1,
0,
23,
5,
5,
5,
5,
1,
1,
1,
0,
22,
4,
4,
4,
4,
4,
1,
1,
0,
21,
8,
8,
5,
0,
14,
1,
3,
0,
1,
1,
1,
1,
1,
1,
1,
1,
1,
1,
1,
1,
1,
1,
1,
1,
1,
1,
0,
17,
1,
1,
1,
1,
1,
1,
1,
1,
1,
1,
1,
1,
1,
1,
1,
1,
1,
0,
17,
4,
1,
1,
1,
1,
1,
1,
1,
1,
1,
1,
1,
1,
1,
1,
1,
1,
1,
1,
1,
1,
1,
0,
15,
6,
3,
3,
3,
3,
3,
3,
3,
1,
20,
3,
3,
3,
3,
3,
3,
3,
1,
16,
4,
3,
3,
3,
3,
3,
3,
3,
1,
20,
6,
6,
6,
2,
1,
0,
19,
4,
4,
4,
4,
3,
0,
19,
1,
2,
2,
2,
2,
2,
2,
2,
2,
2,
2,
0,
21,
5,
5,
5,
5,
0,
22,
2,
2,
2,
2,
2,
2,
2,
2,
2,
2,
2,
0,
19,
2,
2,
2,
2,
2,
2,
2,
2,
2,
2,
1,
19,
0,
0,
3,
3,
3,
3,
3,
3,
1,
1,
0,
18,
4,
2,
2,
2,
2,
2,
2,
2,
2,
2,
2,
2,
1,
24,
4,
4,
4,
4,
4,
4,
0,
20,
5,
5,
5,
5,
0,
20,
2,
3,
3,
3,
3,
3,
3,
3,
1,
1,
0,
19,
1,
1,
1,
1,
1,
1,
1,
1,
1,
1,
1,
1,
1,
1,
1,
1,
1,
1,
1,
0,
20,
0,
1,
1,
1,
1,
1,
1,
1,
1,
1,
1,
1,
1,
1,
1,
1,
1,
1,
1,
1,
1,
0,
16,
3,
3,
3,
3,
3,
3,
3,
0,
14,
2,
1,
1,
1,
1,
1,
1,
1,
1,
1,
1,
1,
1,
1,
1,
1,
1,
1,
0,
23,
6,
6,
6,
4,
0,
17,
0,
2,
3,
3,
3,
3,
3,
3,
1,
1,
0,
17,
3,
2,
2,
2,
2,
2,
2,
2,
2,
2,
2,
1,
17,
1,
1,
1,
1,
1,
1,
1,
1,
1,
1,
1,
1,
1,
1,
1,
1,
1,
1,
0,
20,
1,
1,
2,
2,
2,
2,
2,
2,
2,
2,
2,
2,
2,
1,
19,
3,
3,
3,
3,
3,
3,
1,
1,
0,
24,
6,
6,
6,
6,
1,
16,
3,
2,
2,
2,
2,
2,
2,
2,
2,
2,
2,
1,
17,
2,
2,
2,
2,
2,
2,
2,
2,
2,
2,
2,
1,
11,
9,
0,
1,
1,
1,
1,
1,
1,
1,
1,
1,
1,
1,
1,
1,
1,
1,
1,
1,
1,
1,
1,
1,
0,
18,
2,
1,
1,
1,
1,
1,
1,
1,
1,
1,
1,
1,
1,
1,
1,
1,
1,
1,
1,
1,
1,
0,
19,
3,
3,
3,
3,
3,
3,
1,
0,
20,
1,
2,
2,
2,
2,
2,
2,
2,
2,
2,
2,
1,
0,
19,
3,
3,
3,
3,
3,
3,
0,
18,
3,
3,
3,
3,
3,
3,
1,
0,
16,
5,
5,
5,
0,
13,
4,
4,
4,
2,
0,
14,
0,
5,
5,
2,
2,
1,
9,
1,
3,
7,
7,
0,
18,
1,
1,
1,
1,
1,
1,
1,
1,
1,
1,
1,
1,
1,
1,
1,
1,
1,
1,
0,
14,
1,
2,
3,
3,
3,
3,
3,
2,
0,
16,
2,
1,
1,
1,
1,
1,
1,
1,
1,
1,
1,
1,
1,
1,
1,
1,
1,
1,
1,
0,
18,
0,
4,
4,
4,
4,
1,
1,
0,
21,
0,
6,
6,
6,
2,
0,
17,
2,
4,
4,
4,
4,
4,
1,
19,
3,
6,
6,
6,
5,
1,
19,
3,
3,
3,
3,
3,
3,
1,
1,
0,
19,
1,
1,
1,
1,
1,
1,
1,
1,
1,
1,
1,
1,
1,
1,
1,
1,
1,
1,
1,
0,
19,
6,
6,
6,
0,
17,
1,
3,
3,
3,
3,
3,
3,
0,
14,
5,
1,
1,
1,
1,
1,
1,
1,
1,
1,
1,
1,
1,
1,
1,
1,
1,
1,
1,
1,
1,
0,
15,
0,
6,
1,
1,
1,
1,
1,
1,
1,
1,
1,
1,
1,
1,
1,
1,
1,
1,
1,
1,
1,
1,
1,
0,
16,
4,
1,
1,
1,
1,
1,
1,
1,
1,
1,
1,
1,
1,
1,
1,
1,
1,
1,
1,
1,
1,
0,
17,
1,
3,
2,
2,
2,
2,
2,
2,
2,
2,
2,
2,
0,
14,
6,
1,
1,
1,
1,
1,
1,
1,
1,
1,
1,
1,
1,
1,
1,
1,
1,
1,
1,
1,
1,
1,
0,
21,
4,
4,
4,
4,
4,
0,
20,
1,
1,
1,
1,
1,
1,
1,
1,
1,
1,
1,
1,
1,
1,
1,
1,
1,
1,
1,
1,
1,
0,
21,
4,
4,
4,
4,
4,
0,
18,
1,
1,
3,
3,
3,
3,
3,
3,
3,
2,
13,
2,
1,
1,
1,
1,
1,
1,
1,
1,
1,
1,
1,
1,
1,
1,
1,
1,
1,
0,
18,
0,
2,
5,
5,
5,
5,
0,
19,
2,
1,
5,
5,
5,
5,
2,
0,
14,
6,
0,
2,
2,
2,
2,
2,
2,
2,
2,
2,
2,
0,
15,
6,
4,
4,
4,
4,
4,
1,
0,
14,
4,
3,
4,
4,
4,
4,
4,
0,
13,
0,
0,
1,
1,
1,
1,
1,
1,
1,
1,
1,
1,
1,
1,
1,
1,
1,
1,
0,
17,
2,
1,
0,
1,
1,
1,
1,
1,
1,
1,
1,
1,
1,
1,
1,
1,
1,
1,
1,
1,
1,
1,
1,
1,
1,
0,
18,
2,
0,
1,
4,
4,
4,
4,
4,
0,
16,
1,
0,
3,
1,
1,
1,
1,
1,
1,
1,
1,
1,
1,
1,
1,
1,
1,
1,
1,
1,
1,
1,
1,
1,
0,
12,
3,
0,
0,
4,
3,
3,
3,
3,
3,
3,
0,
13,
1,
0,
0,
4,
1,
2,
3,
3,
3,
3,
3,
3,
3,
1,
14,
0,
3,
3,
3,
3,
3,
1,
0,
16,
0,
4,
4,
4,
4,
1,
17,
2,
1,
3,
3,
3,
3,
3,
3,
3,
0,
13,
4,
3,
1,
1,
1,
1,
1,
1,
1,
1,
1,
1,
1,
1,
1,
1,
1,
1,
1,
1,
1,
1,
0,
14,
3,
3,
3,
3,
3,
3,
2,
0,
13,
0,
0,
1,
1,
1,
1,
1,
1,
1,
1,
1,
1,
1,
1,
1,
1,
1,
0,
14,
2,
1,
2,
2,
5,
5,
5,
5,
0,
16,
8,
8,
1,
0,
18,
3,
3,
3,
3,
3,
3,
3,
3,
1,
16,
2,
2,
13,
8,
0,
17,
4,
0,
13,
8,
0,
7,
8,
7,
4,
4,
4,
4,
4,
2,
0,
21,
