6,
3,
16,
16,
1,
3,
3,
3,
3,
3,
3,
0,
5,
18,
5,
3,
3,
3,
3,
3,
3,
3,
3,
0,
35,
40,
11,
11,
11,
15,
11,
11,
8,
3,
24,
24,
18,
2,
2,
0,
11,
23,
4,
15,
4,
4,
4,
4,
4,
4,
4,
0,
29,
30,
21,
21,
21,
37,
0,
1,
30,
23,
26,
23,
23,
6,
8,
43,
14,
21,
21,
21,
0,
6,
6,
6,
6,
6,
6,
6,
6,
6,
50,
6,
2,
1,
17,
31,
29,
29,
14,
11,
0,
2,
2,
2,
2,
2,
2,
31,
2,
2,
2,
2,
2,
2,
2,
2,
2,
2,
2,
2,
2,
2,
2,
2,
1,
13,
46,
4,
3,
3,
3,
3,
3,
3,
3,
3,
3,
3,
3,
3,
3,
3,
3,
1,
2,
2,
2,
30,
2,
2,
2,
2,
2,
2,
2,
2,
2,
2,
2,
2,
2,
2,
2,
2,
2,
2,
2,
2,
2,
2,
1,
31,
41,
29,
29,
4,
4,
4,
4,
4,
4,
3,
4,
4,
0,
4,
4,
1,
35,
50,
1,
7,
7,
7,
7,
7,
0,
22,
22,
5,
46,
0,
14,
14,
14,
4,
0,
17,
30,
28,
14,
14,
14,
17,
7,
2,
11,
36,
10,
19,
19,
19,
6,
0,
36,
12,
1,
8,
2,
8,
8,
8,
8,
8,
0,
18,
18,
18,
1,
45,
22,
22,
2,
0,
16,
6,
11,
6,
19,
11,
4,
4,
11,
4,
4,
6,
4,
4,
4,
0,
2,
0,
41,
48,
16,
9,
9,
64,
113,
10,
30,
30,
4,
1,
4,
31,
47,
0,
30,
22,
22,
19,
8,
8,
8,
8,
8,
0,
8,
1,
28,
39,
18,
5,
5,
5,
5,
8,
5,
5,
5,
5,
5,
5,
5,
5,
5,
0,
5,
5,
5,
5,
5,
5,
46,
5,
5,
2,
14,
48,
7,
18,
18,
18,
6,
2,
1,
51,
12,
28,
28,
2,
13,
13,
13,
13,
13,
44,
2,
14,
46,
20,
17,
17,
17,
11,
1,
26,
26,
14,
40,
2,
1,
21,
45,
27,
3,
3,
3,
3,
3,
3,
3,
3,
3,
3,
3,
3,
3,
3,
3,
3,
3,
3,
3,
3,
1,
34,
34,
5,
0,
41,
4,
27,
7,
33,
0,
3,
27,
25,
27,
25,
9,
3,
1,
45,
54,
3,
17,
3,
17,
3,
3,
3,
11,
3,
3,
3,
3,
3,
0,
3,
3,
3,
3,
3,
3,
3,
3,
3,
0,
46,
52,
13,
13,
5,
0,
5,
7,
5,
5,
5,
5,
5,
5,
5,
5,
5,
5,
5,
5,
2,
264066,
50,
53675634,
12,
1,
2,
232059,
43324701,
