15155,
15152,
3194,
3194,
2885,
2885,
4466,
4494,
13952,
13969,
7819,
7822,
15986,
16014,
15434,
15453,
1916,
1939,
8239,
8249,
15011,
15011,
3312,
3339,
2645,
2671,
5056,
5176,
11216,
11212,
2839,
2857,
4507,
4505,
13928,
13928,
8049,
8060,
15626,
15626,
1166,
1182,
10970,
11025,
3587,
3587,
1710,
1710,
9090,
9115,
11551,
11577,
1249,
1274,
10950,
10956,
3836,
3851,
375,
411,
14385,
14385,
5786,
5874,
8493,
8493,
13631,
13631,
9038,
9195,
11121,
11121,
3187,
3223,
3056,
3056,
3758,
3770,
628,
672,
13139,
13252,
10934,
10934,
3709,
3723,
1088,
1096,
11711,
11711,
872,
876,
12593,
12656,
12804,
12837,
12116,
12141,
14825,
14855,
4438,
4463,
13632,
13803,
8501,
8524,
14031,
14042,
7173,
7170,
3283,
3279,
2730,
2730,
5086,
5085,
11646,
11683,
962,
983,
12106,
12150,
15146,
15162,
3014,
3064,
3787,
3783,
760,
805,
12916,
12916,
12060,
12058,
15575,
15570,
1297,
1296,
10907,
10923,
4177,
4177,
14886,
14886,
3918,
3918,
215,
244,
15051,
15050,
3320,
3358,
2424,
2440,
6317,
6317,
6276,
6276,
6828,
6825,
4631,
4670,
13031,
13042,
11497,
11497,
1813,
1811,
8812,
8867,
11985,
12031,
15512,
15534,
1483,
1531,
10020,
10024,
7886,
7886,
16119,
16148,
14957,
14988,
3733,
3733,
946,
991,
11957,
12007,
15512,
15528,
1465,
1468,
10252,
10257,
6651,
6692,
4967,
5033,
11882,
11893,
15874,
15864,
16108,
16093,
15095,
15118,
3114,
3185,
3218,
3230,
3076,
3076,
3489,
3503,
1956,
1984,
8046,
8061,
15473,
15493,
1830,
1888,
8379,
8376,
14493,
14493,
5476,
5471,
10209,
10209,
6580,
6594,
5571,
5584,
9391,
9413,
10124,
10124,
6981,
7031,
3866,
3866,
307,
412,
14498,
14552,
5288,
5335,
10744,
10770,
4449,
4533,
13945,
13945,
7686,
7686,
1088,
1097,
11732,
11732,
462,
488,
13999,
14019,
7524,
7556,
1807,
1859,
8220,
8274,
14876,
14951,
3680,
3680,
1161,
1178,
11220,
11319,
2384,
2384,
6531,
6531,
5618,
5632,
9598,
9598,
9420,
9432,
10277,
10322,
6028,
6028,
7854,
7885,
16228,
16228,
14619,
14672,
4952,
5076,
11658,
11752,
645,
667,
13419,
13588,
9309,
9321,
10706,
10701,
4725,
4725,
13077,
13122,
11146,
11175,
3068,
3068,
3680,
3680,
1204,
1221,
11195,
11214,
2838,
2856,
4519,
4527,
14021,
14049,
7127,
7221,
2983,
2983,
4022,
4022,
15999,
15997,
15541,
15541,
1166,
1203,
11252,
11252,
2703,
2714,
5236,
5236,
11116,
11116,
3237,
3237,
3093,
3093,
3648,
3661,
993,
1098,
11721,
11721,
934,
974,
11816,
11816,
579,
592,
13822,
13822,
8204,
8204,
14955,
14955,
3850,
3882,
485,
498,
14157,
14186,
6841,
6841,
4555,
4555,
13502,
13589,
9524,
9537,
9340,
9461,
9870,
9880,
8444,
8444,
13749,
13783,
8584,
8584,
13713,
13713,
8592,
8592,
13115,
13147,
11333,
11343,
2098,
2108,
7651,
7651,
1181,
1228,
11245,
11277,
2751,
2751,
4659,
4694,
13324,
13324,
10207,
10207,
7078,
7096,
3270,
3338,
2481,
2497,
6024,
6024,
7592,
7605,
1420,
1429,
10337,
10337,
6158,
6158,
7320,
7382,
2121,
2129,
7426,
7533,
1850,
1850,
8650,
8650,
13107,
13126,
10986,
10986,
3936,
3939,
15772,
15772,
419,
419,
14526,
14526,
5449,
5538,
9871,
9871,
8043,
8043,
15840,
15840,
16161,
16161,
14868,
14868,
4160,
4172,
15467,
15478,
1477,
1485,
10218,
10218,
6895,
6895,
4415,
4465,
14024,
14052,
7140,
7255,
2814,
2813,
4799,
4799,
12543,
12543,
13786,
13786,
8534,
8558,
13452,
13450,
9883,
10010,
7815,
7872,
16125,
16125,
14879,
14879,
3944,
4089,
15649,
15669,
781,
802,
12966,
12966,
11779,
11779,
752,
761,
12650,
12650,
13319,
13319,
10294,
10294,
6374,
6420,
6319,
6319,
6140,
6140,
7376,
7395,
2113,
2160,
7068,
7068,
3673,
3695,
1185,
1185,
11359,
11359,
2196,
2196,
7286,
7285,
2372,
2400,
6470,
6470,
6055,
6068,
7280,
7354,
2450,
2476,
6167,
6167,
7051,
7051,
3725,
3737,
1122,
1122,
11573,
11637,
818,
845,
12678,
12752,
12447,
12447,
13787,
13812,
8336,
8336,
14726,
14726,
4569,
4569,
13877,
13885,
7802,
7824,
174,
213,
15253,
15346,
1983,
2067,
7725,
7753,
828,
828,
12774,
12786,
12307,
12465,
13600,
13600,
9119,
9120,
11513,
11498,
1378,
1382,
10623,
10623,
5012,
5012,
12006,
12020,
15746,
15746,
657,
666,
13491,
13487,
9415,
9432,
9897,
9897,
7778,
7776,
788,
802,
12588,
12602,
13503,
13503,
9729,
9781,
8344,
8376,
14560,
14560,
5384,
5398,
10307,
10307,
6699,
6709,
5029,
5046,
11709,
11863,
16169,
16295,
14420,
14420,
5988,
5974,
8069,
8069,
15443,
15443,
1988,
2013,
7883,
7914,
129,
132,
15610,
15630,
1045,
1062,
11851,
11849,
16293,
16304,
14376,
14376,
5947,
6031,
7755,
7782,
655,
703,
13210,
13316,
10306,
10306,
6735,
6735,
4870,
4887,
12362,
12388,
14029,
14107,
7053,
7248,
2841,
2854,
4575,
4585,
13310,
13393,
10377,
10377,
6123,
6170,
7182,
7222,
2772,
2790,
4779,
4834,
12567,
12576,
13158,
13169,
10915,
10925,
3931,
3931,
209,
247,
15038,
15052,
3157,
3229,
3083,
3103,
3588,
3609,
1556,
1559,
9559,
9562,
9599,
9666,
8931,
8942,
12353,
12353,
14042,
14117,
6934,
6934,
4127,
4159,
15035,
15063,
3205,
3299,
2740,
2740,
4981,
4981,
12092,
12141,
14818,
14818,
4330,
4330,
14757,
14771,
4599,
4622,
12986,
13130,
11345,
11435,
1905,
1907,
8417,
8443,
13816,
14054,
7400,
7420,
2231,
2237,
7023,
7039,
3498,
3546,
1806,
1837,
8628,
8773,
12758,
12790,
12625,
12634,
13060,
13070,
11201,
11211,
2727,
2761,
5019,
5013,
12011,
12011,
15558,
15576,
1189,
1216,
11309,
11309,
2265,
2291,
6871,
6894,
4265,
4287,
14492,
14489,
5862,
5878,
7872,
7871,
448,
501,
13948,
13951,
7695,
7765,
435,
585,
13627,
13623,
9161,
9161,
11231,
11230,
2593,
2609,
5597,
5597,
9553,
9562,
9170,
9195,
10774,
10875,
4313,
4331,
14434,
14513,
5712,
5712,
8826,
8827,
12680,
12703,
12744,
12766,
12334,
12340,
14014,
14225,
6821,
6821,
4543,
4551,
13928,
13928,
7902,
7941,
15864,
15864,
15910,
15967,
15533,
15636,
967,
1118,
11478,
11477,
2024,
2049,
7622,
7654,
1171,
1222,
11184,
11207,
2377,
2391,
6538,
6532,
5857,
5857,
8172,
8172,
15255,
15309,
2276,
2306,
6705,
6718,
4902,
4905,
12431,
12470,
13460,
13509,
9501,
9522,
9882,
9892,
7966,
7970,
15865,
15877,
180,
192,
15168,
15178,
3037,
3053,
3439,
3463,
2140,
2186,
7184,
7264,
2684,
2695,
5070,
5094,
11640,
11659,
972,
1006,
11984,
12006,
15658,
15658,
1178,
1178,
11062,
11081,
3571,
3592,
1533,
1531,
9789,
9829,
8476,
8508,
13282,
13339,
10451,
10451,
6056,
6056,
7366,
7527,
1680,
1700,
9077,
9152,
11097,
11163,
3118,
3142,
3084,
3188,
3247,
3277,
2863,
2922,
4322,
4324,
14586,
14586,
5364,
5362,
10388,
10387,
6290,
6298,
6600,
6625,
5379,
5392,
10273,
10273,
6754,
6763,
4433,
4475,
14066,
14109,
