3416,
3442,
15177,
1418,
1419,
1454,
2086,
2099,
10226,
1532,
1558,
5681,
423,
430,
2223,
2225,
8409,
452,
597,
1304,
1318,
2533,
2585,
9254,
1885,
1908,
212,
220,
9737,
3836,
3869,
7795,
3845,
3927,
3481,
3629,
11485,
810,
814,
840,
646,
742,
1091,
1235,
12732,
3997,
4011,
11783,
3897,
3911,
15745,
3810,
3822,
314,
323,
2750,
2780,
12092,
2294,
2315,
2617,
2658,
13963,
2752,
2782,
6288,
2600,
2656,
6275,
2644,
2650,
6315,
2250,
2411,
5778,
1028,
1054,
3634,
3647,
8506,
1755,
1767,
760,
772,
861,
903,
13248,
2219,
2243,
9558,
1610,
1618,
1390,
1412,
8906,
104,
111,
3272,
3295,
10624,
894,
894,
355,
363,
4175,
3206,
3246,
14667,
772,
772,
862,
893,
3969,
484,
495,
1957,
2018,
3761,
3786,
15680,
131,
132,
3430,
3458,
15250,
1226,
2113,
2123,
2903,
2970,
6052,
3577,
3616,
6679,
1302,
1324,
4363,
3083,
3092,
3148,
3158,
14080,
3325,
3325,
6322,
2923,
2981,
5931,
797,
826,
627,
734,
1020,
1457,
7585,
640,
1618,
1638,
1250,
1267,
2821,
2831,
8030,
313,
325,
2678,
2731,
662,
668,
1330,
1342,
2540,
2587,
15496,
454,
1604,
1622,
1307,
1340,
2442,
2458,
7858,
1266,
1285,
2574,
2581,
9201,
3381,
3403,
9977,
448,
450,
2170,
2173,
7026,
602,
1211,
1563,
3398,
1731,
3077,
3100,
9123,
3980,
3980,
10504,
2205,
2205,
4722,
2052,
2184,
1287,
2706,
2716,
921,
966,
10899,
862,
870,
3289,
2421,
3848,
3887,
3903,
3908,
14266,
2626,
2628,
4954,
985,
1016,
3841,
3867,
11214,
2176,
642,
682,
1317,
1355,
7044,
705,
734,
3004,
1225,
1233,
3642,
917,
2552,
2558,
1555,
1614,
12423,
2241,
2286,
2656,
2673,
12448,
2230,
2235,
617,
2523,
2583,
1374,
1405,
13624,
2293,
2343,
8443,
3251,
3290,
13330,
3304,
3307,
9195,
297,
304,
2547,
2547,
8535,
2722,
2765,
279,
283,
2900,
2900,
14220,
3447,
3447,
5376,
372,
372,
2489,
2528,
10295,
3584,
3604,
5424,
3911,
3915,
9629,
2996,
2997,
8672,
2699,
2702,
673,
694,
1156,
1351,
2565,
2568,
14363,
3069,
3069,
4845,
1961,
1988,
11550,
733,
3478,
3512,
13053,
295,
296,
2684,
2695,
8135,
1130,
1146,
3258,
3258,
8651,
2955,
2970,
3614,
3669,
13141,
751,
760,
905,
947,
195,
333,
2660,
3184,
10163,
356,
416,
2315,
2457,
5771,
3015,
3050,
8376,
593,
600,
1551,
1589,
1483,
1486,
13786,
1881,
1916,
211,
233,
7173,
655,
766,
2172,
1824,
1885,
268,
319,
7058,
1828,
1906,
3098,
2016,
2017,
3271,
1286,
1376,
2447,
914,
970,
300,
6075,
1832,
1861,
379,
393,
6832,
2816,
2855,
4073,
2154,
2157,
3177,
3194,
15232,
113,
137,
846,
3425,
3553,
1377,
1377,
2313,
2313,
14464,
3648,
3671,
4544,
4019,
4019,
12923,
1642,
1649,
1277,
1309,
10585,
3438,
3447,
4376,
759,
770,
902,
924,
169,
327,
2684,
3297,
13519,
3625,
3668,
8448,
751,
754,
858,
952,
108,
567,
1718,
3617,
13520,
197,
212,
3063,
3089,
7722,
583,
3898,
3898,
3951,
4028,
12512,
121,
124,
3486,
3503,
12727,
3364,
3377,
2036,
2058,
10574,
180,
193,
3227,
3238,
4600,
585,
592,
1620,
1629,
1168,
1169,
1636,
992,
1084,
3533,
3661,
9457,
917,
919,
306,
448,
2183,
2801,
9344,
904,
904,
296,
323,
2713,
2754,
9312,
1237,
1243,
2818,
2818,
9617,
503,
506,
1938,
1958,
8784,
3738,
3746,
12054,
1824,
1870,
370,
383,
2435,
2453,
14019,
2656,
2656,
6726,
291,
322,
2739,
2778,
4487,
888,
956,
114,
355,
2523,
3522,
13056,
2216,
2216,
10401,
938,
937,
163,
174,
4997,
3074,
3076,
11338,
1758,
1725,
1738,
682,
722,
1154,
1250,
8780,
3646,
3647,
11793,
3912,
3912,
3711,
3711,
11648,
535,
583,
606,
1112,
1113,
3401,
3498,
13104,
2547,
2546,
1462,
1506,
1894,
1903,
13324,
1667,
1667,
1208,
1228,
9528,
1233,
1261,
2839,
2878,
8945,
3617,
3618,
11355,
1479,
1768,
1816,
628,
637,
1039,
1075,
4676,
843,
846,
608,
611,
1539,
1552,
12673,
549,
584,
1732,
1765,
490,
570,
1758,
2121,
3299,
3317,
16081,
1842,
1870,
3332,
4054,
4054,
2700,
1216,
1289,
4808,
802,
846,
639,
827,
595,
1435,
1602,
12348,
1507,
1577,
1583,
1616,
13000,
2252,
2269,
2404,
2432,
1831,
2033,
13845,
3733,
3733,
7084,
2557,
3183,
3239,
1852,
2232,
2283,
2443,
2460,
5562,
1906,
1963,
9204,
2775,
2796,
9998,
3666,
3668,
6771,
757,
765,
952,
976,
3906,
739,
800,
711,
959,
1177,
1872,
2914,
2915,
163,
3488,
4124,
8521,
1846,
1855,
388,
412,
2325,
2506,
12911,
3594,
3597,
10845,
2813,
3672,
3805,
233,
297,
2906,
3089,
15232,
1610,
2734,
2757,
691,
693,
1191,
1208,
3507,
1844,
2888,
2899,
2836,
3981,
4000,
3414,
3414,
14449,
1650,
1690,
4487,
2240,
2273,
2728,
2766,
13121,
3424,
3445,
10221,
3184,
3351,
5896,
614,
664,
1278,
1459,
7430,
1186,
2686,
2708,
977,
996,
20,
11461,
711,
2162,
2162,
2644,
2709,
5268,
3411,
3440,
10055,
3177,
3212,
5725,
1101,
1196,
1151,
2800,
2838,
485,
493,
2038,
2038,
11511,
810,
2289,
2311,
2311,
2326,
4818,
1674,
1677,
1164,
1171,
12115,
3608,
3630,
13870,
862,
877,
186,
220,
2506,
3113,
3242,
2719,
2864,
5924,
882,
882,
334,
342,
2403,
2629,
2677,
1003,
1042,
6398,
2906,
2981,
5017,
1381,
1410,
2183,
2202,
11578,
100,
1915,
1951,
129,
3268,
3384,
5398,
3821,
3823,
10091,
3520,
3520,
5563,
3111,
3111,
9154,
409,
432,
2181,
2316,
10431,
3342,
3356,
5296,
366,
373,
2573,
2586,
1291,
1292,
2711,
2731,
11157,
141,
141,
1963,
3477,
3477,
1457,
1472,
1936,
1936,
3708,
3708,
13713,
1792,
1793,
637,
669,
7616,
869,
3047,
3077,
1142,
3321,
3411,
1678,
1929,
202,
203,
3222,
3249,
15483,
1655,
1719,
906,
906,
165,
169,
1824,
3348,
3373,
2051,
2117,
8511,
3125,
3137,
12683,
2047,
2062,
3262,
3266,
11569,
200,
2646,
2738,
394,
432,
1806,
2320,
2364,
2291,
2332,
8854,
2371,
2382,
2331,
2339,
11827,
2395,
2407,
2010,
2110,
3571,
1207,
3788,
3969,
11167,
935,
984,
199,
2416,
3131,
3158,
4802,
2994,
3053,
12318,
424,
437,
2161,
2161,
3127,
3127,
11403,
1288,
4010,
4026,
3259,
3262,
12446,
3945,
3945,
13128,
1255,
1266,
2407,
2454,
3502,
632,
644,
1944,
1447,
1488,
1529,
1529,
1750,
1796,
6762,
3235,
3255,
4253,
1627,
1655,
1370,
1370,
1951,
1983,
3800,
3801,
14946,
1613,
1614,
2618,
475,
501,
1811,
1884,
2758,
3816,
3834,
4961,
2637,
2691,
518,
574,
1721,
1898,
336,
372,
2456,
2635,
13336,
200,
216,
3104,
3225,
9083,
1814,
1822,
579,
608,
1540,
1718,
10647,
3566,
3596,
4423,
1264,
1271,
2933,
2934,
14051,
1363,
1402,
2322,
2343,
6224,
1576,
1577,
1536,
1598,
6213,
1395,
1454,
1944,
1945,
3992,
4014,
14631,
2666,
2667,
3350,
1578,
1589,
2086,
3006,
3029,
7625,
189,
3728,
3747,
864,
872,
15350,
196,
264,
791,
2944,
3219,
2745,
2755,
573,
671,
1353,
1712,
15206,
1268,
1293,
1876,
3827,
3868,
3903,
3933,
4320,
1594,
1615,
1337,
1364,
2244,
2308,
2533,
2560,
14628,
3286,
3398,
3751,
264,
316,
548,
2678,
2902,
245,
252,
2990,
3041,
13874,
3031,
3043,
7381,
1524,
1597,
1879,
123,
159,
3346,
3487,
8394,
1169,
1179,
2627,
2680,
6772,
93,
159,
3301,
3659,
4356,
2074,
2082,
3226,
3350,
3373,
2191,
2231,
2390,
2006,
2041,
6184,
2551,
2551,
6704,
143,
155,
3156,
3154,
3207,
2888,
2922,
3296,
2312,
2383,
2524,
1663,
1681,
907,
929,
246,
322,
2660,
2989,
12877,
3378,
3392,
11333,
1614,
1667,
1704,
1006,
1047,
3470,
3622,
3631,
1211,
1211,
2016,
3689,
3716,
7631,
905,
902,
936,
170,
324,
2620,
2645,
10476,
978,
90,
1171,
5116,
3252,
3264,
11075,
2478,
2660,
2744,
434,
568,
1696,
2280,
4285,
2623,
2647,
1198,
1244,
14294,
1516,
1548,
5194,
3163,
3165,
10765,
612,
636,
1413,
1537,
4234,
3074,
3077,
3197,
3202,
14785,
3418,
3874,
3874,
3945,
3946,
15436,
843,
1326,
1394,
2287,
2308,
2455,
2456,
1970,
1986,
13814,
76,
92,
3569,
3644,
7415,
1633,
2097,
2147,
2983,
3036,
6348,
2668,
2706,
6096,
3844,
3846,
3377,
3826,
3924,
3896,
3919,
3865,
3875,
11149,
2491,
3142,
3200,
2099,
2828,
2876,
275,
302,
1790,
2677,
2699,
1017,
1024,
8775,
1096,
1137,
3346,
3348,
12219,
3083,
3107,
3149,
3149,
2848,
2893,
124,
136,
13910,
3954,
3954,
7069,
2832,
3758,
3758,
416,
417,
2253,
2275,
1413,
2438,
2444,
1970,
1986,
10310,
2877,
2952,
5922,
679,
736,
985,
1208,
2926,
2951,
13773,
994,
1014,
3803,
3832,
7771,
212,
1313,
1339,
2164,
2173,
8900,
1060,
1061,
3366,
3411,
6171,
3755,
3780,
6675,
1855,
1886,
245,
247,
2959,
3001,
10923,
709,
715,
1124,
1132,
3420,
2047,
3337,
3362,
740,
2163,
2192,
3067,
3070,
13019,
269,
322,
2588,
2594,
9220,
3126,
3126,
9683,
1725,
1725,
959,
961,
8219,
3638,
3638,
826,
842,
569,
612,
1494,
1659,
846,
1118,
649,
1339,
3334,
11552,
574,
2028,
2047,
3465,
3480,
5890,
1296,
1296,
2190,
2251,
7730,
1525,
1742,
900,
902,
323,
370,
2501,
2659,
16064,
4018,
4057,
3287,
3290,
9640,
2089,
2098,
8405,
2909,
2952,
13130,
387,
438,
1945,
1964,
8020,
708,
713,
1070,
1082,
3358,
3381,
5448,
3072,
3075,
9171,
313,
346,
2639,
2698,
10547,
2220,
2228,
4381,
3715,
3734,
608,
608,
1504,
1504,
1853,
1874,
10571,
2505,
2580,
4743,
2149,
2188,
295,
2197,
2477,
1850,
1938,
14960,
122,
2050,
3502,
4076,
3004,
3016,
12871,
1738,
1757,
151,
274,
1891,
2949,
3354,
8528,
3100,
3129,
12944,
1473,
1475,
1950,
1980,
11196,
1480,
3664,
3703,
330,
342,
2605,
2663,
13969,
727,
728,
1036,
1082,
6387,
237,
237,
3038,
3038,
5891,
1732,
1732,
853,
853,
7323,
133,
147,
1905,
3407,
3471,
1636,
1660,
1177,
1181,
15086,
1607,
3991,
3991,
3503,
3503,
13054,
728,
773,
870,
1062,
499,
1936,
3725,
10274,
3530,
3558,
4998,
2023,
2047,
11471,
591,
313,
327,
2675,
2730,
837,
837,
13610,
3084,
3091,
8240,
879,
886,
385,
489,
1689,
1786,
694,
730,
6823,
2665,
2679,
4019,
2121,
2176,
3081,
3092,
15317,
377,
428,
1601,
2259,
2475,
1830,
1879,
2937,
2950,
2961,
4229,
1508,
1511,
1652,
1680,
1205,
1252,
6704,
3210,
3230,
4407,
886,
1003,
401,
2449,
3822,
13923,
1802,
1812,
620,
640,
6927,
2374,
2552,
3402,
1090,
1140,
2212,
1751,
1768,
839,
883,
6658,
3236,
3272,
4236,
1334,
1385,
2399,
2454,
14192,
454,
495,
2027,
2154,
5488,
456,
524,
1864,
2154,
9282,
711,
733,
1049,
1202,
9492,
197,
198,
3275,
3275,
8943,
2761,
2780,
11504,
388,
417,
1124,
2572,
2585,
1532,
1535,
11439,
690,
4034,
4056,
3333,
3351,
11937,
2628,
2628,
1222,
1239,
15201,
3549,
3574,
15990,
949,
949,
34,
41,
3806,
3806,
8115,
1656,
1746,
545,
616,
1505,
1791,
4934,
3211,
3231,
11611,
3667,
3699,
880,
959,
88,
476,
2088,
3668,
13213,
485,
545,
1835,
2050,
8978,
3133,
3204,
11560,
3806,
3837,
225,
269,
2830,
3084,
12490,
851,
861,
513,
570,
1735,
1838,
12967,
2860,
2860,
88,
3741,
4000,
12200,
2115,
2115,
3289,
3357,
14199,
1612,
1723,
5545,
1318,
1332,
2553,
2638,
9300,
2020,
2044,
9869,
3654,
3654,
7567,
1223,
1278,
1279,
2548,
2661,
10537,
1039,
1076,
4871,
318,
318,
2735,
2742,
12150,
1929,
1929,
111,
118,
3552,
3552,
13743,
2954,
2975,
6511,
1506,
1531,
5171,
3151,
3186,
10823,
3275,
3719,
3742,
251,
608,
640,
1426,
1516,
1714,
1740,
5178,
2602,
2612,
10204,
2792,
2810,
6358,
2228,
2246,
5732,
1080,
1105,
2755,
3219,
3276,
2636,
2680,
4870,
618,
650,
1389,
1474,
1127,
1723,
1729,
920,
1059,
320,
2729,
3754,
11548,
264,
734,
737,
930,
944,
168,
218,
3144,
3345,
12286,
2541,
2565,
421,
1045,
1090,
3455,
3537,
14434,
1303,
1373,
4700,
1547,
1616,
1406,
1469,
12802,
452,
452,
2151,
2166,
11650,
429,
1187,
1232,
2895,
2903,
3706,
3826,
10863,
3007,
3840,
3908,
3649,
3670,
995,
997,
3930,
3930,
11995,
3499,
3507,
14466,
1712,
1763,
4597,
2165,
2258,
2840,
2891,
13144,
2227,
2239,
2598,
2618,
1366,
1400,
13527,
1457,
1505,
1778,
1798,
8487,
2260,
2260,
2737,
2745,
13221,
3033,
3055,
3303,
3321,
10083,
3628,
3646,
6387,
2658,
2686,
5280,
3448,
3466,
10234,
2601,
2602,
5342,
2972,
3087,
9682,
1226,
1293,
2728,
2776,
7956,
602,
799,
777,
1532,
948,
199,
1771,
3285,
15149,
1925,
3213,
3221,
1241,
2762,
2771,
673,
694,
1249,
1343,
11149,
2132,
3614,
3668,
718,
791,
818,
1050,
748,
750,
794,
813,
996,
3134,
883,
899,
347,
438,
3442,
1644,
3091,
3183,
1183,
2871,
2909,
209,
218,
3147,
3214,
11401,
1180,
2633,
2636,
844,
887,
313,
630,
3244,
289,
327,
2490,
2712,
2802,
627,
649,
1303,
1589,
6115,
664,
670,
1056,
1062,
3265,
556,
676,
1251,
1834,
2910,
1586,
1632,
3983,
1416,
1510,
1793,
1807,
640,
668,
15740,
931,
952,
119,
267,
2936,
3533,
1431,
1438,
2198,
2227,
7634,
198,
2110,
2192,
2975,
3033,
15375,
950,
2930,
2938,
1668,
3714,
3836,
377,
387,
9368,
2709,
2712,
8782,
2244,
2294,
2711,
2714,
12331,
2719,
2720,
896,
976,
12639,
2545,
2545,
1283,
1283,
2561,
2565,
14952,
788,
806,
706,
813,
2570,
3591,
3642,
5329,
312,
315,
2779,
2806,
10053,
496,
546,
1768,
1944,
6257,
757,
763,
921,
934,
158,
328,
6467,
3556,
3600,
5185,
791,
791,
756,
785,
827,
951,
81,
697,
10359,
3666,
3693,
5419,
3959,
3985,
9536,
3225,
3250,
8776,
2355,
2364,
2388,
2389,
11975,
1259,
1268,
2665,
2672,
8077,
1327,
1390,
2114,
2187,
7615,
818,
3239,
3299,
2374,
2390,
2202,
2235,
3523,
375,
386,
1905,
2487,
2497,
1312,
1388,
2788,
3205,
3226,
4454,
574,
574,
1446,
1502,
1928,
1928,
10767,
2594,
2614,
3895,
2852,
2911,
4074,
4083,
16224,
335,
349,
2621,
2637,
1198,
1217,
3098,
3098,
14384,
3619,
3663,
4745,
3618,
3640,
12727,
2895,
2903,
186,
209,
11963,
2196,
2199,
2617,
2642,
3455,
986,
1016,
2039,
2442,
2567,
7621,
601,
3635,
3645,
1056,
1091,
3551,
3617,
1112,
1115,
3400,
3433,
6066,
2193,
2231,
2636,
2636,
1139,
1175,
11544,
109,
3247,
3247,
2478,
2478,
1521,
1521,
2327,
1787,
1787,
643,
643,
6703,
3423,
3423,
4249,
2085,
2103,
3208,
3208,
3989,
2998,
3012,
3650,
3651,
15782,
2350,
2367,
2265,
2309,
2854,
3748,
3777,
4565,
624,
656,
1406,
1477,
1832,
1832,
2382,
1795,
1805,
618,
656,
6541,
3874,
3894,
4468,
1293,
1317,
2324,
2346,
6950,
2996,
3041,
3557,
782,
818,
1395,
747,
847,
507,
1025,
1955,
3625,
3625,
12221,
1716,
1744,
687,
693,
1223,
1254,
5167,
2291,
2316,
2620,
2628,
10729,
3792,
3805,
4268,
2147,
2167,
2486,
2507,
2854,
3978,
4002,
4627,
742,
761,
945,
1060,
234,
3001,
3013,
3225,
2557,
2578,
3140,
2409,
2614,
3070,
3148,
3176,
3382,
1970,
1976,
2481,
1413,
1440,
2153,
2214,
5871,
3668,
3721,
8105,
2339,
2342,
2476,
2521,
14627,
3310,
3323,
3499,
1291,
1328,
1416,
2140,
2160,
3162,
3174,
10388,
874,
900,
294,
509,
1929,
2896,
5062,
2870,
2883,
3898,
3903,
12096,
2216,
2234,
2616,
2625,
2666,
884,
892,
187,
220,
228,
3085,
3099,
15321,
980,
954,
993,
145,
3430,
4056,
3320,
3342,
7303,
1699,
1842,
1856,
402,
436,
2234,
2451,
9282,
2142,
2142,
10133,
2201,
2237,
6166,
2479,
2514,
1511,
1526,
1818,
1856,
9263,
1618,
1650,
1375,
1419,
9459,
1422,
1422,
1949,
1949,
9273,
2130,
2145,
9879,
3521,
3521,
7258,
2315,
2821,
2821,
375,
412,
2371,
2419,
6770,
363,
368,
1852,
2333,
2359,
2418,
2449,
8654,
626,
625,
1445,
1447,
2068,
2129,
12302,
2316,
2345,
1788,
2326,
2334,
2289,
2298,
2110,
2117,
9917,
3147,
3202,
6774,
252,
273,
2171,
2725,
2726,
888,
889,
414,
415,
7412,
1101,
1761,
1825,
578,
601,
1557,
1565,
11682,
143,
746,
811,
721,
964,
3797,
3957,
7235,
2152,
2657,
2683,
532,
550,
1840,
1882,
3897,
214,
229,
3011,
3133,
15547,
3932,
3944,
3618,
3657,
10939,
2698,
3456,
3464,
424,
1315,
1318,
2564,
2567,
1449,
1451,
2085,
2123,
12546,
1284,
1287,
2332,
2342,
5414,
2142,
2164,
9319,
2392,
2456,
9486,
1191,
1192,
3118,
3128,
8272,
3151,
3158,
14133,
2900,
2920,
5845,
1209,
1219,
3074,
3075,
8152,
3595,
3602,
14387,
1774,
1821,
4606,
2389,
2446,
2031,
2046,
13166,
2735,
2745,
9390,
2670,
2673,
9289,
2773,
2783,
9425,
2660,
2688,
9259,
3375,
3394,
9808,
1230,
1252,
2935,
3003,
7800,
1498,
1534,
1553,
1565,
1545,
1573,
8084,
281,
282,
2809,
2809,
333,
359,
2562,
2583,
1406,
1429,
2166,
2167,
15838,
161,
161,
3287,
3303,
1813,
1875,
219,
219,
3183,
3183,
12465,
2726,
2741,
499,
580,
1657,
2024,
1648,
3530,
3559,
1582,
1626,
9480,
2259,
2283,
8601,
1922,
1968,
3924,
3925,
12190,
3228,
3238,
2591,
2591,
925,
925,
168,
208,
3077,
3365,
15054,
1472,
3418,
3435,
1855,
1888,
297,
366,
2526,
2824,
16049,
257,
272,
2868,
2980,
3851,
3883,
13929,
320,
328,
2649,
2693,
6382,
3661,
3745,
5592,
3210,
3260,
2420,
2432,
8477,
3136,
3148,
13070,
382,
402,
2386,
2407,
10257,
3918,
3946,
5791,
2312,
2334,
8023,
1157,
1208,
3050,
3061,
14916,
857,
885,
422,
513,
2633,
3464,
3489,
5064,
1159,
1265,
2821,
2930,
10795,
2116,
2133,
3705,
496,
2966,
2966,
3887,
3925,
14150,
3762,
3764,
5381,
492,
522,
1917,
1976,
10107,
839,
839,
638,
669,
1382,
1517,
6334,
301,
366,
2137,
2187,
3459,
457,
518,
2076,
1899,
2117,
3191,
3259,
4748,
3044,
3044,
12436,
3521,
3598,
12973,
1124,
1124,
3237,
3241,
4456,
740,
740,
828,
907,
251,
680,
1313,
3027,
10261,
763,
775,
852,
915,
349,
517,
6165,
1241,
1244,
2947,
2947,
6542,
3436,
3568,
4654,
3771,
3771,
12937,
1789,
1809,
243,
279,
1223,
2890,
3018,
3676,
3699,
11187,
1123,
1132,
2251,
1692,
1726,
987,
1005,
6834,
2632,
2768,
3802,
179,
3103,
3128,
2950,
3018,
3613,
3621,
16087,
1071,
1091,
3534,
3541,
1402,
1405,
2316,
2347,
6352,
979,
1025,
525,
3653,
3707,
729,
804,
14154,
1106,
1119,
3369,
3392,
6062,
2199,
2200,
7114,
907,
907,
287,
324,
1749,
4052,
4082,
9099,
1793,
1808,
613,
644,
1416,
1529,
10532,
3813,
3817,
4525,
575,
635,
1430,
1681,
731,
732,
1333,
1014,
1050,
3700,
3730,
10760,
3141,
3151,
3894,
196,
3460,
3593,
1202,
1213,
3058,
3090,
13831,
2004,
2158,
6729,
3953,
4025,
4612,
575,
637,
1391,
1651,
773,
800,
1151,
601,
902,
362,
1500,
2625,
1913,
11462,
554,
570,
1206,
1741,
1782,
150,
182,
3347,
3390,
4711,
4002,
4059,
12423,
736,
762,
658,
773,
899,
1267,
347,
2597,
2912,
9176,
1144,
1160,
3226,
3313,
9489,
894,
916,
261,
376,
2479,
2995,
9255,
1865,
1923,
151,
215,
3187,
3424,
10124,
2127,
2152,
6365,
1075,
1087,
3580,
3581,
5285,
1741,
1750,
440,
591,
597,
1584,
2178,
3139,
3157,
13720,
3738,
3756,
7932,
3535,
3536,
950,
1106,
186,
3258,
3523,
1155,
1170,
5446,
1619,
1675,
1009,
1018,
1077,
3667,
3668,
11989,
2685,
2790,
492,
469,
566,
1731,
1977,
3663,
3844,
3879,
250,
257,
1272,
2433,
2469,
10455,
633,
635,
1530,
1544,
4530,
1224,
1260,
2754,
2821,
13215,
611,
717,
1147,
1542,
8544,
594,
605,
1251,
1251,
2857,
2879,
9049,
2942,
2947,
10768,
3171,
3237,
3246,
2183,
2496,
2552,
1503,
1520,
7332,
1199,
1626,
1648,
1297,
1314,
2679,
2700,
11200,
1998,
1945,
2011,
3661,
3685,
7292,
1799,
1922,
1932,
3963,
4003,
7604,
1067,
1469,
1494,
1780,
1795,
742,
753,
9324,
1929,
1970,
9495,
959,
959,
30,
37,
3916,
3916,
8380,
2011,
2025,
2884,
3464,
3482,
4412,
2510,
2537,
932,
1435,
1470,
2019,
2020,
12391,
1094,
1102,
3487,
3551,
12605,
552,
595,
1391,
1392,
2227,
2361,
8613,
802,
826,
217,
244,
3020,
3109,
7543,
935,
1380,
1392,
2046,
2090,
9325,
1842,
1887,
323,
373,
9063,
3188,
3190,
10330,
1999,
1999,
5152,
3456,
3490,
10607,
1177,
1200,
4258,
3703,
3720,
14920,
2495,
3208,
3236,
1666,
2483,
2535,
1657,
1657,
9396,
2072,
2074,
9039,
99,
100,
3640,
3648,
11081,
2854,
1343,
1366,
4461,
2542,
2659,
13534,
1104,
1126,
3491,
3494,
8032,
315,
342,
2599,
2736,
920,
929,
15168,
1504,
2421,
2513,
1922,
1922,
10059,
3603,
3614,
6348,
3062,
3098,
5719,
1457,
1467,
2037,
2052,
8141,
3724,
3826,
14440,
1099,
1168,
3644,
1405,
3297,
3344,
10374,
2188,
2237,
4792,
1700,
1723,
901,
909,
12205,
3073,
3078,
13494,
2196,
2205,
8404,
2954,
2965,
3745,
3781,
14051,
3648,
3669,
6073,
685,
685,
1228,
1228,
6961,
1080,
1084,
3322,
368,
368,
2653,
2769,
2769,
4976,
839,
852,
604,
606,
1533,
1534,
10888,
907,
996,
3289,
211,
227,
2620,
3117,
3166,
999,
2922,
2922,
12096,
413,
426,
2278,
2310,
2606,
2631,
14538,
1487,
1533,
3502,
1964,
1953,
1953,
7921,
1585,
1597,
1527,
1565,
1676,
1717,
15638,
2268,
2268,
2648,
2694,
16118,
89,
142,
3414,
3686,
907,
917,
276,
311,
2831,
2988,
10711,
2597,
2607,
4368,
312,
323,
2703,
2712,
784,
792,
715,
834,
619,
1119,
1510,
14511,
2973,
2985,
4714,
2386,
2419,
12196,
3946,
3957,
13601,
1922,
1946,
7446,
1316,
3766,
3779,
343,
378,
2496,
2522,
13857,
1640,
1714,
968,
974,
7160,
1541,
1613,
2989,
2339,
2339,
3864,
288,
2938,
2955,
15059,
385,
394,
1770,
2418,
2501,
1421,
1432,
2803,
3272,
3300,
4746,
2995,
3003,
3332,
3334,
12634,
1912,
1959,
3944,
3961,
11218,
349,
361,
1706,
2616,
2616,
1071,
1114,
2274,
1708,
1716,
6902,
2226,
2237,
3367,
1117,
1251,
2499,
547,
555,
1750,
1809,
5902,
2557,
2620,
7666,
532,
3467,
3547,
14089,
528,
540,
1815,
1852,
5634,
3714,
3742,
8731,
3178,
3233,
12201,
667,
667,
1253,
1262,
2916,
2917,
13684,
2419,
2439,
7232,
1301,
1301,
2162,
2251,
2253,
7174,
1386,
1412,
2250,
1584,
1595,
1550,
1565,
6353,
564,
564,
1712,
1712,
5289,
1112,
1112,
3387,
3403,
9923,
2265,
2271,
7024,
2235,
2235,
2924,
3547,
3560,
4285,
1506,
1506,
1389,
1391,
2294,
2321,
5851,
3226,
3250,
8023,
2175,
2177,
3105,
3105,
14844,
2494,
2510,
3013,
3309,
3311,
3846,
336,
3689,
3719,
338,
360,
2457,
2612,
12667,
2810,
2833,
531,
531,
11416,
595,
677,
1222,
1280,
1609,
1136,
1215,
2790,
2858,
5493,
515,
560,
1727,
1958,
8917,
2282,
2285,
2701,
2743,
10709,
3480,
3511,
3830,
104,
111,
340,
3652,
3658,
14835,
2996,
3006,
3315,
1972,
2097,
2279,
2528,
2563,
6945,
3260,
3292,
3475,
1748,
1794,
2041,
3351,
3351,
7626,
704,
725,
874,
355,
383,
2573,
2581,
12494,
758,
832,
677,
918,
157,
179,
3301,
3325,
4223,
2147,
2160,
3223,
3227,
14353,
864,
880,
439,
442,
4806,
295,
343,
2462,
2763,
12198,
1817,
1890,
147,
175,
3396,
3403,
4051,
2867,
2898,
243,
259,
14749,
3370,
3410,
3442,
1943,
1967,
2331,
2150,
2151,
6126,
3085,
3121,
7053,
2870,
3076,
3206,
3005,
3005,
4479,
1387,
1467,
1841,
1867,
5549,
1531,
1533,
1715,
1760,
9267,
2137,
2278,
9898,
3899,
3907,
7614,
1115,
1250,
1268,
2404,
2421,
10173,
2245,
2305,
6025,
3618,
3619,
7257,
2073,
2553,
2633,
1350,
1371,
7727,
319,
850,
869,
516,
571,
1665,
1983,
14919,
2945,
3421,
3450,
1329,
1859,
1871,
349,
378,
2434,
2559,
10770,
116,
177,
3293,
3622,
3537,
958,
1456,
1480,
1981,
2004,
3709,
3720,
15115,
2392,
3028,
3054,
2704,
3469,
3483,
1832,
1854,
5202,
3556,
3586,
1130,
1154,
3348,
3361,
8482,
2049,
2052,
3610,
3618,
13321,
2284,
2297,
9368,
2205,
2514,
9546,
1481,
1633,
1359,
1409,
8746,
847,
986,
593,
1594,
3938,
11887,
151,
170,
3335,
3421,
1829,
1862,
447,
447,
2209,
2213,
12867,
3646,
3647,
10485,
2102,
2119,
5093,
3959,
3972,
10807,
906,
923,
287,
369,
3825,
518,
1593,
1641,
1235,
1252,
1491,
2766,
2828,
333,
369,
2511,
2654,
10107,
3679,
3679,
6452,
2585,
2587,
5396,
3236,
3302,
10004,
3784,
3812,
6607,
2424,
2424,
5090,
137,
167,
3345,
3473,
1531,
1534,
1768,
1781,
8223,
3454,
3473,
14089,
3239,
3247,
5903,
1281,
1287,
2749,
2767,
7927,
896,
908,
361,
416,
2288,
2438,
15451,
837,
2327,
2401,
2112,
2124,
4382,
3121,
3204,
13482,
2365,
2369,
2119,
2131,
3341,
3373,
12464,
2219,
2299,
2649,
2704,
12460,
2722,
2731,
736,
767,
789,
1039,
827,
594,
1632,
3822,
14997,
548,
573,
1709,
1730,
2809,
2447,
2485,
4505,
3170,
3320,
13427,
2788,
2796,
252,
258,
2896,
3042,
10455,
2816,
2833,
4925,
1618,
1640,
1165,
1168,
3077,
1463,
1504,
3608,
1139,
3013,
3070,
1102,
3202,
3235,
2932,
2951,
11588,
843,
2754,
2896,
1964,
4107,
4134,
2884,
2893,
270,
300,
12822,
718,
726,
1093,
1121,
3421,
3440,
10702,
2124,
2124,
3910,
3837,
3837,
9598,
2947,
2955,
8654,
2901,
2902,
88,
12638,
2306,
2306,
2517,
2542,
12059,
439,
454,
2141,
2215,
241,
2621,
2729,
740,
756,
851,
1007,
15126,
302,
320,
1904,
2716,
2750,
383,
383,
1854,
2423,
2424,
1946,
1961,
8375,
3940,
3965,
13489,
2520,
2522,
7991,
1744,
1780,
594,
602,
1585,
1596,
6056,
1692,
1745,
831,
861,
7280,
634,
665,
2051,
1381,
1445,
2099,
2109,
7738,
192,
2928,
2941,
4056,
4070,
15355,
967,
3615,
3622,
1164,
1186,
3190,
3190,
14385,
3294,
3298,
4575,
3626,
3630,
12836,
1944,
1990,
3931,
3974,
11110,
972,
1000,
2125,
2401,
2403,
1704,
1790,
712,
782,
706,
1111,
10880,
2325,
2362,
3428,
813,
860,
485,
648,
1879,
3421,
3423,
1585,
1592,
1510,
1577,
6666,
3388,
3436,
4281,
1662,
1668,
1027,
1030,
3762,
3844,
6063,
2097,
2098,
6986,
2222,
2236,
3057,
2666,
2692,
3672,
859,
3759,
3784,
469,
500,
1938,
1993,
3912,
3953,
13302,
477,
510,
1960,
2018,
9289,
987,
1045,
3727,
3769,
9815,
2235,
2306,
6997,
2795,
2795,
3537,
738,
741,
1491,
927,
984,
207,
3137,
3908,
3881,
3903,
4552,
183,
3244,
4051,
3059,
3069,
7923,
2336,
2352,
2453,
2512,
14949,
2410,
2411,
2952,
3162,
3248,
3707,
446,
456,
1110,
2238,
2247,
2712,
2764,
3323,
1777,
1956,
2222,
2432,
2433,
7185,
2189,
2283,
2590,
1001,
1030,
3774,
3830,
5653,
324,
325,
2752,
2753,
452,
474,
2090,
2145,
8858,
3014,
3086,
11430,
854,
908,
356,
1322,
601,
1130,
1179,
3251,
3269,
9508,
290,
290,
2846,
2847,
8520,
555,
572,
1399,
1403,
2257,
2294,
9676,
200,
214,
3176,
3190,
8392,
1537,
1600,
1279,
1308,
2640,
2691,
5501,
1090,
1104,
3517,
3528,
9249,
1323,
1324,
2585,
2608,
9505,
642,
652,
1357,
1393,
8844,
3519,
3522,
11627,
196,
196,
355,
2581,
2581,
1170,
1170,
1223,
2946,
3076,
2865,
2903,
10937,
2565,
2568,
2687,
559,
584,
1696,
1782,
4451,
1858,
1871,
420,
433,
2295,
2351,
13866,
2343,
2353,
6227,
2766,
2769,
6663,
506,
507,
1325,
1552,
1561,
1533,
1662,
1159,
1242,
10793,
3101,
3171,
3257,
1935,
1851,
1956,
3995,
4005,
3398,
3368,
3499,
1087,
1385,
1397,
2284,
2315,
2107,
2137,
3352,
3365,
13920,
2754,
2970,
6402,
1305,
1314,
5116,
3004,
3028,
3205,
3258,
10824,
3166,
3511,
3525,
918,
1303,
1303,
2559,
2641,
723,
743,
1027,
1036,
3784,
3807,
12329,
1262,
1265,
2486,
2600,
6072,
3507,
3536,
7083,
2517,
3017,
3027,
3701,
3704,
5959,
3927,
3939,
3317,
3849,
3850,
3757,
3785,
227,
289,
2801,
3141,
11795,
3633,
3679,
724,
788,
852,
1098,
558,
801,
1642,
1643,
1278,
1329,
2478,
2484,
12844,
3870,
3878,
11115,
2502,
3317,
3366,
1183,
2142,
2167,
3168,
3192,
11300,
1796,
2656,
2666,
1023,
1041,
4163,
3245,
3245,
14376,
1472,
1595,
4667,
1434,
1475,
1929,
1951,
12532,
869,
869,
376,
382,
2507,
2514,
7372,
1934,
2879,
2889,
2812,
3767,
3786,
325,
352,
2600,
2652,
1209,
1224,
15259,
1395,
2573,
2579,
1461,
1545,
1189,
1256,
2829,
2921,
12069,
3866,
3874,
4056,
4079,
3027,
3039,
5848,
1101,
1121,
1729,
3121,
3122,
3317,
3328,
9168,
3127,
3208,
9899,
89,
195,
3173,
3538,
7025,
464,
510,
402,
1833,
1846,
497,
547,
1749,
1999,
14491,
1917,
1982,
4572,
2277,
2326,
2407,
2425,
12838,
3344,
3370,
9837,
832,
834,
614,
659,
1366,
1481,
7202,
2686,
4093,
4133,
2558,
2633,
886,
887,
381,
410,
2379,
2438,
15072,
1611,
3043,
3071,
1541,
3209,
3209,
2686,
2698,
9886,
840,
846,
582,
606,
1532,
1665,
7105,
402,
409,
270,
2115,
2117,
3394,
3412,
15044,
109,
2285,
3641,
4100,
2753,
2874,
327,
330,
13127,
