7,
8,
42,
44,
6,
7,
7,
6,
7,
6,
7,
6,
7,
6,
7,
6,
7,
6,
6,
2,
0,
39,
54,
2,
0,
4,
4,
17,
4,
4,
4,
4,
4,
4,
4,
4,
4,
4,
4,
4,
1,
26,
26,
6,
11,
2,
1,
14,
22,
4,
7,
4,
4,
4,
4,
4,
0,
11,
36,
26,
10,
8,
7,
8,
8,
8,
8,
8,
0,
9,
9,
9,
9,
9,
9,
9,
49,
6,
1,
14,
51,
21,
17,
17,
17,
13,
0,
21,
21,
21,
9,
67,
2,
9,
9,
9,
9,
9,
9,
9,
4,
31,
0,
18,
43,
0,
24,
24,
1,
1,
47,
17,
17,
17,
17,
17,
1,
10,
4,
26,
31,
14,
19,
20,
15,
20,
15,
15,
8,
1,
1,
28,
27,
19,
26,
2,
10,
10,
10,
10,
5,
0,
8,
8,
8,
8,
8,
8,
8,
56,
3,
1,
32,
1,
15,
9,
12,
9,
9,
9,
9,
9,
2,
1,
3,
3,
3,
3,
3,
3,
3,
46,
3,
3,
3,
3,
3,
3,
3,
3,
3,
3,
3,
3,
3,
3,
0,
2,
26,
13,
23,
13,
13,
7,
1,
6,
30,
21,
21,
26,
10,
0,
1,
36,
18,
12,
12,
12,
12,
7,
0,
4,
28,
28,
28,
22,
2,
2,
1,
12,
58,
8,
8,
8,
27,
8,
27,
8,
8,
8,
1,
10,
4,
49,
63,
2,
12,
2,
12,
2,
12,
12,
2,
2,
2,
2,
5,
2,
2,
0,
2,
2,
2,
2,
2,
2,
2,
2,
2,
2,
2,
2,
2,
2,
2,
2,
2,
2,
2,
2,
2,
2,
2,
1,
31,
33,
1,
6,
14,
22,
6,
2,
6,
2,
2,
6,
6,
2,
6,
2,
6,
2,
2,
6,
2,
2,
2,
3,
2,
2,
2,
2,
1,
2,
2,
2,
2,
2,
2,
2,
2,
2,
2,
2,
2,
2,
2,
2,
2,
0,
53,
273,
202,
65,
3,
3,
0,
5,
9,
40,
10,
14,
14,
14,
14,
9,
1,
20,
51,
23,
8,
23,
23,
4,
3,
32,
12,
3,
3,
3,
3,
3,
3,
3,
3,
3,
3,
3,
3,
3,
3,
3,
3,
3,
3,
3,
3,
3,
0,
0,
35,
22,
4,
4,
4,
4,
4,
4,
4,
4,
4,
4,
4,
4,
1,
2,
2,
2,
2,
2,
2,
2,
2,
49,
2,
2,
2,
2,
2,
2,
2,
2,
2,
2,
2,
2,
2,
2,
2,
2,
2,
2,
2,
2,
2,
1,
17,
17,
17,
2,
40,
6,
41,
12,
17,
13,
17,
13,
17,
13,
17,
13,
9,
3,
3,
2,
1,
48,
46,
9,
1,
7,
12005,
7,
7,
7,
7,
7,
7,
7,
0,
25405,
55,
6,
2,
4,
4,
4,
4,
4,
4,
4,
4,
4,
4,
4,
4,
4,
4,
4,
4,
1,
62,
52014,
6485946,
2602,
95288,
26864,
175257,
143163,
873,
873,
873,
873,
873,
35317,
194518,
127909,
1325259,
1167012,
434800,
292571,
