3644,
3734,
15669,
3754,
3788,
15851,
2632,
2661,
737,
773,
742,
925,
932,
225,
280,
2856,
3045,
13030,
2115,
2165,
10116,
2208,
2236,
6245,
2236,
2408,
6254,
2199,
2211,
6090,
3234,
3252,
7125,
2652,
1350,
1356,
5343,
2285,
2349,
10173,
2666,
2723,
6504,
1535,
1554,
5318,
1880,
1897,
205,
232,
9816,
3853,
3921,
7666,
433,
2449,
2465,
1994,
2055,
14237,
2219,
2264,
5781,
704,
716,
1130,
1156,
8403,
1736,
1736,
968,
990,
116,
13301,
1063,
1071,
3704,
3755,
8413,
1718,
1801,
372,
513,
1906,
2525,
3888,
410,
2531,
2549,
1506,
1573,
14071,
3071,
3085,
6430,
2505,
2505,
5944,
305,
367,
2461,
2740,
7692,
429,
1107,
1115,
3515,
3536,
14352,
2076,
2076,
5446,
2404,
2404,
9580,
1691,
1701,
8829,
810,
811,
702,
767,
912,
1100,
11922,
3641,
3719,
14837,
2680,
3581,
3580,
5352,
2952,
2954,
9951,
251,
258,
2935,
2944,
7218,
2561,
3382,
3399,
974,
1904,
1954,
4017,
4055,
12342,
2516,
2517,
1840,
1843,
13452,
1725,
1765,
851,
858,
8597,
1191,
1202,
2467,
2958,
5764,
952,
968,
22,
164,
3310,
3931,
7776,
752,
871,
447,
938,
152,
2209,
3457,
15459,
1324,
1344,
2599,
2637,
16033,
3197,
3210,
2735,
2746,
13277,
2599,
2621,
9088,
3792,
3817,
10336,
3191,
3203,
5690,
2102,
2126,
8549,
2624,
2640,
13136,
3603,
3617,
10068,
3616,
3636,
6247,
3919,
3945,
6296,
4065,
4068,
6316,
4032,
4040,
6374,
3777,
3788,
6146,
503,
571,
1618,
1955,
6686,
2333,
2366,
4595,
2616,
2633,
12726,
1748,
1768,
827,
861,
601,
626,
11822,
883,
906,
283,
452,
1977,
2016,
8001,
424,
620,
1562,
2340,
271,
2132,
2143,
3303,
3337,
15124,
912,
2897,
2913,
1657,
3725,
3749,
9425,
2972,
2987,
8919,
1351,
1377,
2465,
2493,
11291,
1629,
3295,
3333,
9334,
3503,
3523,
9541,
2775,
2814,
8792,
1493,
1526,
1860,
1899,
11393,
1374,
3497,
3504,
1148,
1155,
3318,
3322,
14797,
1278,
1279,
3081,
1496,
1562,
3153,
1645,
1817,
3435,
429,
430,
2069,
2263,
2318,
2057,
2094,
3655,
1389,
771,
784,
885,
895,
433,
445,
2237,
2355,
10394,
3834,
3856,
5597,
3355,
3355,
8795,
2551,
2566,
12030,
1081,
1141,
3380,
3390,
14568,
1134,
1139,
2541,
4114,
4114,
5642,
3339,
3339,
8560,
3500,
3519,
1550,
1589,
1423,
1439,
10726,
2688,
2807,
4109,
1825,
1866,
284,
286,
2784,
2844,
5434,
334,
391,
2407,
2580,
9734,
2904,
2936,
8103,
1524,
1529,
1851,
1861,
460,
460,
14708,
2556,
2573,
3657,
218,
238,
1279,
1723,
1767,
712,
745,
1026,
1106,
10824,
2779,
2795,
3934,
3064,
3087,
16017,
1617,
1697,
883,
886,
399,
405,
2412,
2467,
5772,
3317,
3337,
8292,
412,
425,
2269,
2318,
2559,
2573,
13247,
864,
928,
4017,
4042,
4899,
2935,
2967,
11717,
2946,
2974,
101,
3393,
3430,
15736,
2450,
2453,
1767,
1859,
2470,
1436,
1458,
6082,
2172,
2170,
6748,
3775,
3812,
4414,
1154,
1153,
3347,
3361,
13765,
3190,
3199,
7767,
285,
2242,
2330,
2560,
2610,
14722,
2659,
2763,
3218,
2476,
2487,
3173,
2450,
2488,
3101,
2779,
2831,
3228,
2530,
2531,
3101,
2938,
2942,
3469,
1296,
1343,
1772,
480,
497,
2078,
2078,
8964,
3011,
3013,
11353,
1131,
1178,
1524,
1528,
1530,
1804,
1804,
9912,
3217,
3217,
7530,
950,
966,
1028,
3356,
3389,
11690,
3466,
3527,
1363,
1369,
2437,
2500,
13479,
68,
80,
3661,
3736,
8264,
1151,
1151,
3380,
3395,
13351,
1337,
1354,
2361,
2361,
2408,
2201,
2232,
6332,
1578,
1586,
5530,
1324,
1324,
2662,
2668,
9309,
1597,
1660,
1296,
1325,
9634,
199,
200,
3243,
3258,
8154,
2485,
2503,
1880,
1894,
14583,
400,
452,
2116,
2317,
4235,
2020,
2202,
3034,
3074,
13855,
3450,
3481,
7148,
2182,
2262,
2279,
2596,
2646,
6224,
2913,
2982,
6629,
1179,
1230,
4750,
366,
394,
2364,
2539,
1337,
1376,
2299,
2373,
12985,
1760,
1796,
680,
699,
9392,
1998,
2027,
9677,
843,
915,
250,
500,
1906,
3065,
8507,
1251,
1314,
2615,
2632,
12805,
163,
172,
3351,
3460,
1701,
1731,
852,
869,
9196,
2796,
2827,
10354,
1833,
1846,
5293,
2824,
2843,
132,
153,
3328,
3562,
11601,
671,
687,
883,
994,
459,
2222,
4029,
12187,
1755,
1817,
3182,
3871,
4025,
3345,
2174,
2647,
2680,
551,
552,
1769,
1769,
3601,
1630,
2246,
2262,
2277,
2303,
5504,
2052,
2070,
9184,
2770,
2772,
9991,
4077,
4121,
7162,
2066,
3076,
3153,
2986,
3031,
7749,
300,
461,
2115,
2893,
209,
224,
15274,
1593,
2589,
2672,
518,
650,
1336,
1830,
3757,
886,
1845,
1855,
331,
381,
2371,
2593,
7304,
1566,
2662,
2694,
823,
842,
567,
661,
3758,
474,
1604,
1645,
1387,
1424,
2307,
2337,
14363,
1689,
1694,
4479,
2981,
3045,
13798,
670,
681,
1252,
1314,
7470,
1286,
2305,
2305,
2373,
2401,
5166,
202,
217,
3071,
3145,
10834,
1089,
1154,
3813,
528,
1796,
1900,
264,
293,
2526,
2588,
5091,
502,
502,
1979,
2009,
11184,
2410,
3786,
3850,
214,
214,
3132,
3156,
14744,
1252,
1255,
3677,
946,
2500,
2503,
1903,
1915,
12325,
2716,
2724,
917,
1093,
13157,
3868,
3926,
3832,
3844,
6168,
518,
567,
1511,
1551,
3756,
981,
2556,
2579,
1339,
1361,
3621,
1110,
2857,
2899,
4098,
4121,
11653,
1256,
1335,
2263,
2263,
8505,
2565,
2667,
1169,
1180,
12727,
1275,
1286,
2546,
2579,
4527,
3366,
3369,
13390,
2801,
2821,
251,
317,
2796,
3009,
10346,
3499,
3544,
5476,
3607,
3610,
1204,
1213,
3104,
3121,
7214,
1840,
3980,
4029,
8703,
2291,
2402,
2280,
2284,
12262,
3756,
3859,
13674,
2580,
2598,
1263,
1287,
2723,
2804,
11049,
846,
873,
496,
593,
2634,
3163,
3309,
5157,
964,
967,
128,
160,
3357,
3419,
10691,
2377,
2393,
4067,
1788,
1800,
720,
750,
629,
670,
1270,
1406,
2228,
1361,
1405,
2298,
2311,
7074,
997,
1067,
2564,
118,
3539,
4041,
5776,
2524,
2548,
1191,
1246,
2917,
2926,
10724,
2375,
2374,
3964,
2378,
2407,
1788,
1932,
3331,
953,
970,
20,
193,
2721,
2926,
2960,
4528,
210,
3162,
4080,
13642,
2485,
2504,
7993,
1908,
1926,
3832,
3832,
5221,
1320,
1366,
2324,
2331,
10800,
2095,
2114,
3490,
460,
460,
1748,
2094,
2118,
3013,
3095,
4324,
1259,
1273,
2521,
2523,
7815,
2811,
2820,
228,
276,
1528,
2909,
3063,
551,
3391,
3471,
1999,
2008,
13929,
1734,
1764,
840,
884,
6964,
1799,
1856,
3276,
1309,
1447,
2617,
368,
369,
2227,
2302,
3325,
1369,
1397,
2648,
3764,
3809,
4921,
2646,
2675,
984,
996,
11687,
449,
3390,
3413,
1771,
1905,
131,
131,
3238,
3245,
4137,
2342,
2356,
2059,
2088,
3177,
2049,
2074,
2954,
3117,
3151,
4219,
1831,
1882,
335,
358,
2160,
2162,
3041,
2821,
2844,
3836,
326,
3407,
3415,
1948,
1963,
4079,
4110,
14764,
2306,
2364,
3205,
2085,
2086,
2828,
3838,
3866,
4651,
109,
3559,
4110,
3017,
3029,
7845,
2699,
2814,
590,
612,
1551,
1584,
15352,
668,
3998,
4006,
3588,
3587,
12171,
1495,
1536,
1383,
1515,
1900,
1901,
6145,
2157,
2175,
6822,
3304,
3342,
3755,
292,
392,
927,
2444,
2830,
255,
280,
836,
2919,
2964,
135,
3749,
3780,
703,
725,
15681,
2910,
2930,
247,
3915,
3946,
15071,
922,
956,
122,
212,
1402,
1980,
2000,
3815,
3815,
455,
463,
16236,
390,
442,
2158,
2452,
1723,
1858,
445,
447,
2295,
2338,
14002,
1886,
1886,
333,
333,
6199,
2166,
2200,
6600,
932,
936,
3930,
4012,
16088,
1593,
1608,
1446,
1560,
1410,
1411,
2299,
2316,
13700,
3619,
3622,
7691,
3350,
3350,
1802,
1808,
575,
656,
1027,
1181,
1203,
3092,
3121,
11942,
3074,
3124,
3217,
3217,
2536,
2539,
1624,
1688,
14576,
100,
111,
3551,
3657,
4034,
3711,
3729,
15582,
3916,
3925,
3845,
3882,
11761,
3941,
4073,
3340,
3371,
2083,
2113,
9803,
265,
342,
2619,
2932,
8110,
2587,
2709,
999,
1015,
14375,
1089,
1092,
4680,
1242,
1294,
2667,
2739,
13004,
2638,
2646,
10161,
2744,
2902,
6242,
2373,
2379,
6019,
3810,
3965,
3177,
3648,
3648,
409,
858,
886,
322,
339,
2641,
2689,
858,
860,
534,
536,
1827,
1827,
12278,
1956,
1976,
3219,
3759,
3784,
306,
323,
2742,
2780,
610,
726,
15557,
3375,
3442,
1663,
1756,
820,
862,
534,
710,
13036,
3056,
3058,
10220,
2550,
2581,
5612,
1559,
1597,
1475,
1508,
8804,
3569,
3569,
10828,
164,
175,
3403,
3278,
3365,
1286,
2050,
2100,
3357,
3428,
1493,
1559,
4679,
1526,
1525,
1755,
1772,
291,
292,
2820,
2827,
11407,
790,
1767,
1841,
3897,
3933,
6823,
817,
819,
723,
724,
3743,
233,
1305,
1334,
2365,
2431,
1555,
1562,
1653,
1709,
12481,
1359,
1379,
1848,
2104,
4878,
916,
933,
242,
310,
2777,
3057,
11743,
874,
890,
267,
529,
1659,
1721,
973,
1023,
8471,
2120,
2168,
1552,
2666,
2680,
1140,
1233,
2866,
2877,
385,
414,
13593,
1230,
1359,
2478,
2575,
7993,
530,
552,
1832,
1853,
217,
236,
2684,
3054,
3235,
996,
2402,
2432,
2153,
2177,
12141,
3165,
3165,
2786,
2800,
453,
516,
1980,
2066,
3565,
3665,
15007,
1552,
3140,
3159,
1403,
3127,
3127,
3344,
3372,
10576,
807,
878,
526,
772,
3709,
660,
2098,
2118,
3422,
3443,
1709,
1729,
4263,
3688,
3702,
843,
843,
593,
610,
1509,
1549,
11268,
953,
2616,
2616,
1154,
1154,
3461,
1371,
3204,
3204,
2974,
3007,
10657,
1474,
1502,
3784,
458,
2145,
2145,
3196,
3196,
2836,
2845,
5098,
767,
827,
600,
870,
467,
1598,
1242,
1333,
2621,
2648,
11474,
821,
2637,
2679,
954,
984,
114,
3016,
1633,
1633,
1169,
1185,
3234,
3234,
11218,
1147,
3028,
3063,
1422,
3383,
3389,
2017,
2057,
3678,
3707,
16117,
3023,
3038,
3043,
3222,
13093,
344,
344,
2354,
2504,
8406,
3775,
3775,
513,
542,
1789,
1986,
3507,
3507,
13324,
3440,
3479,
9219,
308,
311,
2522,
2528,
8303,
3946,
4011,
3418,
3429,
9129,
817,
820,
718,
718,
1105,
1125,
10537,
2950,
2974,
4677,
3063,
3164,
3054,
3062,
12582,
1887,
1900,
355,
363,
2556,
2557,
11486,
269,
2636,
2643,
1058,
1060,
2407,
827,
838,
666,
676,
6475,
3703,
3729,
5235,
1246,
1266,
2876,
2876,
10868,
801,
840,
666,
694,
2399,
758,
760,
906,
906,
331,
354,
6064,
1745,
1789,
749,
765,
7260,
900,
925,
2363,
851,
910,
144,
562,
1733,
3431,
6311,
411,
478,
2019,
2325,
6032,
1112,
1130,
3444,
3483,
6347,
548,
570,
1673,
1822,
5908,
2190,
2204,
7394,
380,
390,
1540,
2387,
2454,
2052,
2052,
9864,
2072,
2072,
7227,
1034,
1048,
2265,
1675,
1713,
6898,
2271,
2304,
3489,
835,
845,
2004,
2393,
2548,
7721,
2962,
2993,
3700,
3722,
16013,
1037,
1095,
3596,
3640,
14113,
460,
478,
2063,
2195,
5526,
461,
472,
2172,
2184,
9471,
527,
566,
1742,
1872,
9486,
388,
489,
2036,
2368,
9316,
996,
1021,
3853,
3854,
9841,
2882,
2892,
7655,
226,
3520,
3520,
15232,
792,
796,
1632,
782,
782,
857,
871,
94,
107,
3593,
3638,
4882,
2945,
2971,
11616,
131,
3324,
3342,
2152,
2170,
3270,
3279,
14666,
3130,
3131,
3831,
322,
3853,
3869,
14877,
2463,
2494,
3169,
2382,
2426,
2859,
4032,
4040,
4600,
703,
761,
821,
1126,
3111,
3226,
3710,
433,
452,
1134,
2701,
2754,
830,
833,
11464,
3566,
3572,
1034,
1048,
3622,
3685,
13388,
373,
393,
2402,
2554,
8756,
3071,
3086,
11313,
1305,
1317,
1597,
1435,
1489,
1691,
1700,
1893,
182,
225,
3188,
3224,
8537,
659,
707,
1165,
1199,
3128,
3128,
12727,
3773,
3793,
11976,
2742,
2756,
682,
723,
739,
932,
945,
249,
258,
2978,
3026,
13126,
1871,
1937,
227,
281,
10047,
2682,
2726,
6805,
110,
3569,
4049,
4121,
2557,
2624,
591,
645,
706,
1167,
1358,
2524,
2539,
13736,
3414,
3425,
7416,
1508,
1654,
1665,
1153,
1187,
3193,
3261,
9052,
3022,
3022,
10889,
3325,
3372,
3404,
1345,
1630,
1703,
1046,
1064,
3688,
3701,
10719,
3354,
3622,
3622,
502,
713,
713,
1033,
1036,
3556,
3653,
7154,
2419,
2609,
2651,
1100,
1111,
4680,
1006,
1075,
3711,
3726,
12691,
315,
336,
2610,
2782,
260,
312,
2774,
2925,
11904,
3189,
3199,
14708,
3214,
3690,
3848,
401,
476,
3097,
3096,
3499,
3637,
259,
770,
793,
812,
843,
451,
648,
1369,
2174,
15181,
1273,
1744,
1744,
838,
861,
162,
163,
3267,
3281,
3479,
2028,
2535,
2567,
1259,
1262,
4644,
1648,
1664,
1230,
1247,
13002,
3213,
3214,
10549,
1400,
1456,
4661,
1482,
1701,
1089,
1092,
12900,
3709,
3739,
10972,
2426,
3214,
3239,
1375,
2332,
2359,
2403,
2433,
10597,
746,
776,
828,
1009,
3875,
738,
762,
903,
1074,
459,
1868,
1935,
4875,
224,
224,
3049,
3081,
11345,
1141,
2173,
2192,
2696,
2705,
5501,
2445,
2451,
9698,
1294,
1307,
2771,
2771,
8312,
2298,
2340,
2372,
2420,
13210,
3213,
3256,
2379,
2392,
9260,
3270,
3286,
10011,
3732,
3787,
6458,
2727,
2745,
5336,
3439,
3592,
10180,
3452,
3479,
6121,
145,
157,
3341,
3414,
6833,
954,
954,
81,
112,
3431,
2286,
3392,
3402,
505,
1837,
1860,
485,
537,
1311,
1309,
3790,
871,
2098,
2115,
2822,
2830,
5507,
2825,
2829,
9424,
2858,
2858,
9453,
2345,
2363,
8947,
731,
739,
1067,
1084,
3678,
3677,
11286,
1504,
2998,
3025,
1686,
3267,
3283,
255,
1956,
1956,
4081,
4081,
15303,
1801,
1812,
697,
714,
976,
989,
19,
3220,
694,
705,
1203,
1298,
3117,
631,
661,
1456,
1466,
3001,
1047,
1059,
3184,
874,
886,
444,
576,
3314,
2337,
3810,
3810,
4084,
4093,
14314,
2225,
2240,
4449,
3695,
3732,
13894,
618,
699,
1200,
1558,
6780,
2003,
2040,
4137,
1178,
1206,
3135,
3190,
2769,
2833,
8854,
1649,
1679,
1275,
1282,
11712,
1863,
1888,
215,
233,
3119,
3121,
6171,
602,
623,
1413,
1619,
6600,
2557,
2584,
4394,
392,
464,
1844,
1873,
474,
475,
1996,
2021,
11822,
1657,
1772,
845,
869,
111,
113,
1934,
3538,
3596,
1447,
1462,
8376,
3367,
3367,
13137,
523,
528,
1875,
1875,
423,
434,
10244,
188,
216,
3167,
3225,
5891,
1745,
1808,
649,
681,
7489,
737,
3118,
3182,
3050,
3102,
13258,
3990,
4026,
9607,
2614,
2663,
8289,
3886,
3887,
13389,
3973,
3981,
3516,
3579,
5052,
1568,
1583,
1576,
1585,
2849,
3086,
3086,
4571,
3653,
3663,
1071,
1079,
3673,
3672,
10534,
3225,
3289,
4668,
3305,
3325,
2298,
2298,
2709,
2725,
11677,
2223,
2242,
2614,
2621,
3921,
2664,
2846,
378,
382,
2446,
2455,
15813,
1395,
1449,
2079,
2106,
3277,
3291,
12457,
89,
109,
3474,
3475,
12559,
3722,
3722,
702,
708,
1144,
1209,
3079,
3088,
9728,
2851,
3037,
7962,
1628,
1646,
1250,
1281,
2604,
2706,
14690,
1687,
1715,
2777,
3911,
3958,
4724,
3601,
3694,
12485,
151,
181,
3415,
3452,
1612,
1652,
1345,
1374,
10492,
3858,
3889,
4640,
3907,
4014,
3541,
3581,
8400,
286,
289,
2908,
2909,
198,
198,
13073,
1423,
1435,
2241,
2277,
10155,
1483,
1524,
1861,
1924,
6123,
2057,
2122,
6779,
3458,
3478,
3960,
3418,
3432,
1719,
1720,
1036,
1059,
3444,
3477,
1999,
2011,
15928,
2092,
2107,
3400,
3433,
3804,
827,
3972,
3984,
3322,
3338,
2279,
2357,
2414,
2414,
10734,
3373,
3402,
3761,
534,
3958,
4013,
3328,
3370,
11763,
2753,
2755,
586,
598,
1079,
1608,
1676,
1141,
1148,
3171,
3192,
3024,
3045,
15350,
1245,
1250,
1522,
1647,
1648,
1197,
1199,
1347,
2282,
2357,
2393,
2394,
10607,
351,
408,
2334,
2671,
4545,
1188,
1217,
3033,
3045,
3268,
3282,
7258,
2094,
2128,
2154,
3078,
3144,
7333,
1113,
1129,
1177,
3257,
3263,
11573,
673,
693,
773,
871,
942,
3985,
4048,
8070,
2508,
2551,
1315,
1326,
1349,
2580,
2593,
1237,
1396,
2358,
2409,
13349,
649,
660,
1297,
1338,
8619,
476,
520,
1766,
1773,
773,
811,
9594,
335,
381,
2522,
2660,
8273,
2214,
2235,
2498,
2533,
2659,
1210,
1210,
2977,
2980,
14779,
2852,
2881,
2879,
315,
321,
2251,
2584,
2626,
1093,
1155,
7071,
2294,
2591,
2672,
1168,
1210,
6896,
2994,
3420,
3420,
2084,
2109,
4098,
3304,
3329,
2200,
2217,
2958,
2957,
13823,
2614,
2614,
6266,
2473,
2484,
6168,
3050,
3070,
3162,
3205,
6866,
3296,
3964,
4005,
2811,
555,
601,
1627,
1782,
4058,
3968,
3984,
15420,
462,
1017,
1020,
3892,
3901,
4000,
4048,
7429,
760,
1566,
1596,
1555,
1570,
1660,
1710,
13048,
2877,
2913,
10217,
2856,
2949,
6146,
3568,
3716,
6940,
199,
2106,
2991,
3038,
3538,
3562,
7590,
426,
1394,
1411,
2338,
2386,
14513,
521,
562,
1741,
1892,
3731,
292,
1282,
1369,
2341,
2408,
14909,
1710,
2715,
2729,
909,
926,
3865,
3883,
14905,
1316,
2360,
2395,
2254,
2254,
2555,
2581,
9527,
1678,
1730,
927,
927,
8621,
1605,
1624,
1439,
1468,
12516,
1904,
1923,
126,
139,
2907,
3484,
3508,
264,
1664,
1695,
961,
990,
100,
3595,
3998,
15018,
1940,
3119,
3127,
1650,
3107,
3111,
3389,
3390,
9504,
2067,
2131,
8764,
1175,
1182,
3241,
3258,
11846,
383,
395,
2425,
2431,
252,
1753,
1782,
679,
705,
1122,
1207,
2911,
2935,
164,
178,
13466,
1439,
1480,
1938,
2041,
7955,
636,
636,
1426,
1426,
1747,
1747,
4202,
3989,
4017,
14532,
1229,
1229,
3671,
672,
2279,
2298,
2472,
2493,
13410,
1980,
2142,
8280,
3796,
3820,
190,
252,
3058,
3290,
2254,
2406,
8842,
1214,
1230,
3112,
3127,
11688,
88,
1904,
1912,
3861,
4026,
6100,
622,
644,
1277,
1341,
6828,
1706,
1775,
537,
587,
1568,
1906,
257,
286,
10763,
1375,
1382,
3507,
1393,
3250,
3261,
669,
2640,
2686,
1073,
1112,
13444,
2731,
2777,
8857,
1715,
1793,
727,
737,
986,
998,
11709,
246,
2165,
2176,
3003,
3003,
4823,
2365,
2363,
2431,
2431,
12302,
3454,
3473,
1429,
1465,
1964,
1986,
11218,
1474,
3578,
3600,
1207,
1257,
2782,
2794,
155,
173,
3348,
3348,
10053,
246,
261,
2972,
2990,
6071,
1119,
1119,
929,
3268,
3296,
2419,
2439,
12390,
3429,
3429,
13020,
1359,
1373,
2212,
2261,
3749,
971,
3298,
3343,
1701,
1699,
1095,
1098,
808,
3375,
3403,
2018,
2053,
12921,
1239,
1264,
2855,
2962,
10757,
1498,
1500,
3082,
2060,
2064,
3411,
638,
646,
1430,
1500,
2324,
650,
754,
932,
141,
1386,
6164,
1098,
1115,
3476,
3483,
6610,
3161,
3186,
4490,
433,
443,
2006,
2124,
3399,
3399,
11464,
481,
3141,
3141,
2703,
2836,
587,
610,
1665,
1705,
16174,
3813,
3851,
217,
217,
3097,
3097,
9612,
2468,
2521,
7801,
1989,
2200,
3062,
3064,
15267,
681,
3354,
3452,
1732,
1747,
953,
954,
146,
168,
3349,
3453,
14959,
1273,
1368,
2390,
1385,
1393,
1931,
1952,
3853,
3908,
14989,
367,
425,
1453,
2340,
2561,
1108,
1154,
1990,
3132,
3179,
8167,
1160,
1244,
2913,
2930,
14109,
404,
469,
2157,
2337,
5419,
501,
507,
2049,
2092,
9390,
136,
3450,
4098,
8824,
2707,
2707,
979,
1129,
11553,
505,
3731,
3759,
235,
242,
3010,
3009,
3638,
3659,
12299,
991,
999,
3727,
3727,
8491,
775,
783,
692,
693,
1142,
1160,
3313,
3360,
9261,
1238,
1318,
2661,
2693,
9929,
2769,
2769,
7298,
1580,
1582,
2088,
2880,
3044,
7501,
280,
287,
857,
2819,
2868,
656,
4074,
4077,
3279,
3312,
11776,
3313,
3335,
2228,
2237,
2658,
2714,
2938,
3794,
3813,
4251,
1998,
2002,
3535,
3574,
3789,
289,
296,
771,
2870,
2869,
131,
143,
506,
3399,
3503,
1612,
1616,
1488,
1509,
1919,
1947,
13831,
2640,
2672,
6874,
3686,
3702,
3883,
3837,
3867,
3986,
4003,
12244,
1107,
1115,
3160,
3175,
7435,
1461,
1465,
1611,
1317,
1321,
2571,
2575,
9305,
1450,
1496,
1964,
1983,
9509,
924,
955,
159,
212,
3146,
3475,
8959,
3298,
3309,
11361,
1389,
1382,
1408,
2310,
2311,
2109,
2145,
3316,
3316,
14081,
1398,
1422,
5289,
2525,
2524,
10415,
1434,
1447,
5319,
2232,
2241,
2509,
2618,
1381,
1427,
14382,
3031,
3249,
3284,
2222,
2622,
2637,
1296,
1319,
7173,
1946,
2394,
2408,
2102,
2183,
8214,
2713,
2725,
945,
947,
14305,
1748,
1748,
5359,
2018,
2049,
9652,
310,
333,
2613,
2726,
7977,
3431,
3430,
14984,
2358,
2852,
2840,
404,
528,
6549,
883,
897,
383,
430,
4370,
2229,
2303,
2640,
2659,
13908,
2968,
3014,
6536,
1806,
1810,
5230,
3286,
3339,
10646,
995,
998,
4328,
2908,
2912,
3917,
3976,
15170,
1506,
2145,
2161,
3106,
3117,
6318,
2440,
2577,
5723,
1206,
1259,
8250,
2874,
3105,
14162,
2402,
3211,
3257,
1434,
2644,
2693,
993,
994,
10262,
2582,
2665,
5754,
1087,
1108,
3564,
3580,
8017,
3873,
3891,
3830,
3888,
10777,
945,
965,
3870,
246,
1270,
1284,
2386,
2404,
9099,
3594,
3595,
10368,
2606,
2664,
5425,
2960,
3033,
9947,
3705,
3711,
6470,
2543,
2551,
5268,
3504,
3505,
10212,
3519,
3544,
6184,
3795,
3794,
6455,
2848,
2866,
5464,
2656,
2694,
9380,
2570,
2653,
9064,
172,
3058,
3156,
9601,
1823,
1869,
423,
441,
8231,
3591,
3734,
547,
568,
1729,
1756,
10990,
707,
736,
3149,
762,
785,
862,
919,
3256,
30,
2160,
3878,
4016,
7382,
1516,
3241,
3291,
10050,
3955,
3985,
6305,
3785,
3808,
6077,
695,
697,
1202,
1219,
6942,
1106,
1125,
3272,
236,
274,
2651,
2940,
3031,
1760,
3557,
3578,
8951,
1084,
1096,
3635,
3677,
11219,
2112,
1247,
1278,
2789,
2791,
7488,
973,
1843,
1848,
463,
466,
2082,
2095,
11890,
237,
247,
2951,
3003,
3629,
3629,
13674,
1691,
1708,
1084,
1111,
7721,
201,
1294,
1303,
2832,
2840,
15202,
1253,
3331,
3356,
11102,
835,
836,
2622,
3220,
3224,
5054,
1036,
1073,
3626,
3673,
10832,
1887,
1955,
3583,
1324,
3304,
3404,
1637,
1648,
1347,
1348,
15367,
340,
2567,
2584,
1159,
1161,
2803,
3088,
3130,
4794,
2591,
2618,
950,
160,
1160,
3303,
3335,
14450,
2379,
2389,
3937,
2066,
2083,
3426,
3471,
15536,
3898,
3898,
3883,
3993,
9438,
3705,
3716,
9093,
1091,
1126,
3468,
3518,
10376,
4008,
4008,
5263,
994,
1220,
2745,
2830,
3995,
1796,
1845,
398,
566,
1704,
2502,
15216,
140,
154,
1373,
3387,
3451,
10603,
3653,
3653,
4838,
2784,
2787,
611,
673,
1211,
1513,
1885,
1893,
13771,
2548,
2620,
7704,
99,
2507,
2526,
1757,
1793,
15584,
2611,
2642,
1388,
1396,
15751,
2554,
2557,
1475,
1494,
2360,
1509,
1531,
6684,
2843,
2988,
3831,
659,
516,
529,
1795,
1845,
457,
471,
2082,
2238,
13475,
3202,
3207,
7997,
2282,
2286,
2290,
2433,
3221,
2144,
2172,
3082,
2593,
2595,
3374,
1310,
1321,
2183,
2369,
2410,
7380,
178,
330,
860,
2754,
3327,
12702,
3231,
3242,
12003,
1231,
1269,
2638,
2648,
7266,
1288,
1349,
2141,
2627,
2629,
7144,
1661,
1772,
2724,
187,
187,
3243,
3243,
4639,
130,
3529,
4028,
12673,
3445,
3486,
1510,
1534,
1836,
1843,
9921,
2869,
2887,
7278,
1625,
1636,
2133,
3083,
3093,
7444,
307,
365,
833,
2525,
2791,
643,
715,
12775,
2796,
2922,
193,
194,
11264,
1036,
1073,
1413,
2213,
2229,
2542,
2645,
1176,
1242,
14715,
2760,
2772,
3183,
2628,
2733,
2838,
360,
383,
2448,
2572,
4682,
537,
567,
1676,
1812,
257,
311,
447,
2851,
2899,
259,
270,
14248,
570,
573,
1707,
1711,
4761,
3577,
3729,
11828,
3431,
3484,
15533,
3963,
4020,
16022,
2480,
2488,
1429,
1592,
1617,
1230,
1351,
2516,
2542,
10381,
1536,
1542,
5354,
1951,
1974,
3962,
3974,
15859,
3302,
3322,
2500,
2500,
1919,
1936,
14316,
1215,
1233,
5048,
3489,
3511,
11112,
2390,
2822,
2823,
471,
471,
2079,
2087,
4119,
3420,
3452,
15098,
1873,
2232,
2233,
2890,
2891,
6331,
2046,
2101,
5706,
714,
731,
1097,
1110,
8250,
2754,
2773,
783,
811,
14384,
806,
807,
717,
735,
4223,
2916,
2917,
14411,
1096,
1104,
4671,
1270,
1284,
2807,
2808,
12664,
809,
820,
670,
701,
1136,
1333,
12035,
3501,
3556,
1327,
1392,
2351,
2367,
12668,
190,
293,
2850,
3270,
11341,
1410,
2054,
2105,
3172,
3182,
6208,
3015,
3085,
6367,
2957,
2987,
6018,
108,
177,
3051,
3094,
6001,
240,
300,
2753,
3007,
7268,
2423,
3336,
3365,
1001,
1839,
1866,
312,
368,
2059,
2094,
5010,
409,
412,
2336,
2381,
11359,
1318,
2309,
2373,
2290,
2299,
5184,
3311,
3350,
10252,
2175,
2191,
5205,
3256,
3280,
10269,
2718,
2718,
5482,
2651,
2659,
702,
712,
1084,
1110,
3573,
3588,
11409,
1286,
2555,
2574,
1292,
1292,
3981,
933,
934,
218,
231,
2944,
3161,
15583,
1336,
1342,
2529,
2564,
1080,
1133,
3449,
3470,
11772,
1381,
1424,
2135,
2138,
8621,
1594,
1651,
1224,
1245,
12107,
4014,
4029,
3330,
3333,
9773,
1293,
1310,
2691,
2697,
7692,
1561,
1583,
1573,
1606,
1527,
1534,
15950,
3640,
3708,
938,
938,
142,
210,
3162,
3453,
11235,
1962,
3637,
3648,
892,
901,
348,
402,
2345,
2512,
1542,
1608,
1401,
1463,
11868,
1231,
1246,
2599,
2649,
8840,
975,
1077,
3627,
3636,
11099,
116,
128,
2275,
3545,
3589,
1264,
1282,
2658,
2713,
15376,
432,
2299,
2345,
1854,
1856,
3776,
781,
2582,
2607,
1090,
1145,
3231,
665,
693,
1304,
1331,
2618,
3360,
3373,
5522,
3143,
3193,
2302,
2539,
8340,
3790,
3810,
13891,
507,
515,
1916,
1952,
6457,
3790,
3798,
5746,
2656,
2667,
1087,
1087,
3623,
3623,
10855,
1367,
1367,
3194,
1233,
1233,
3039,
1778,
1778,
3386,
529,
529,
2471,
1868,
1935,
3901,
3918,
5775,
2481,
2502,
8184,
699,
816,
666,
1251,
1425,
2906,
2182,
14413,
2171,
2206,
3862,
2602,
2609,
1429,
1437,
16254,
3771,
3793,
369,
457,
2145,
2465,
9900,
1740,
1779,
763,
788,
7213,
707,
710,
1109,
1126,
2054,
2337,
2481,
7866,
2095,
2139,
3247,
3303,
15518,
2422,
2495,
1604,
1631,
2944,
2705,
2899,
4250,
1292,
1302,
2673,
2705,
393,
509,
2060,
2425,
9780,
1645,
1647,
1351,
1359,
7244,
1195,
1201,
2323,
1448,
1527,
1754,
1799,
6685,
2784,
2989,
4039,
2386,
2395,
1832,
1856,
3275,
1320,
1335,
2380,
1295,
1311,
2727,
2751,
6591,
2957,
2969,
4020,
2698,
2700,
500,
531,
2099,
1939,
1955,
3995,
3999,
4955,
2311,
2339,
2513,
2546,
11407,
99,
1079,
3586,
4055,
3350,
3350,
12409,
3140,
3146,
12004,
2155,
2211,
2979,
2992,
3739,
65,
1038,
3796,
4099,
2968,
3046,
3360,
3398,
12272,
805,
819,
218,
283,
2965,
3141,
9155,
1595,
1613,
1481,
1497,
10444,
413,
476,
2075,
2358,
5272,
1649,
1664,
1237,
1280,
10351,
274,
288,
2825,
2860,
4990,
2654,
2661,
909,
913,
291,
291,
2727,
2745,
13683,
2102,
2151,
6775,
3661,
3661,
4258,
2192,
2253,
2261,
2262,
2767,
329,
350,
2525,
2679,
4962,
2904,
2927,
3614,
3625,
12169,
1219,
1355,
2336,
2346,
6774,
3740,
3774,
4255,
1828,
1923,
3842,
3853,
4193,
2623,
2642,
1018,
1033,
1443,
1874,
1874,
76,
216,
341,
3099,
3723,
869,
900,
14781,
2559,
2591,
2875,
222,
2966,
2996,
3096,
3269,
3269,
3540,
1177,
1199,
1501,
1640,
1744,
727,
742,
839,
1015,
1048,
3820,
3827,
12716,
3115,
3169,
11362,
1317,
1412,
1575,
1612,
1625,
1024,
1026,
1189,
3068,
3122,
11272,
1447,
1526,
1684,
958,
971,
80,
3705,
3968,
9060,
2125,
2134,
10165,
1597,
1600,
5694,
3979,
3996,
8156,
1943,
1957,
100,
3648,
4134,
13967,
1952,
1977,
5912,
3672,
3686,
7592,
526,
765,
776,
905,
917,
318,
327,
2719,
2719,
13950,
1833,
1844,
5632,
378,
392,
2380,
2532,
8239,
2266,
2289,
2748,
2750,
14121,
1583,
1604,
5379,
1804,
1812,
682,
759,
9634,
707,
741,
907,
1060,
341,
8428,
1043,
1209,
3090,
3109,
12733,
3566,
3593,
11144,
1548,
2004,
2015,
3821,
3892,
3332,
3492,
3569,
925,
1429,
1442,
2186,
2272,
2338,
2355,
2451,
2480,
13929,
3103,
3129,
6453,
2034,
2078,
5488,
1994,
2026,
3506,
3599,
14907,
2085,
2829,
2855,
357,
434,
1131,
1990,
2017,
3945,
3970,
11634,
335,
1065,
1063,
3536,
3536,
10801,
255,
307,
2826,
2991,
3546,
1271,
2208,
2278,
2687,
2719,
11119,
2168,
2885,
3069,
2396,
3148,
3152,
2057,
3096,
3122,
3360,
3360,
7919,
3698,
3718,
14821,
2579,
3595,
3603,
1212,
1226,
3037,
3079,
16080,
2585,
2602,
1245,
1251,
2866,
2913,
16184,
2440,
2471,
633,
1961,
1960,
3906,
3960,
13607,
751,
805,
720,
975,
1154,
7475,
941,
1970,
1976,
3579,
3743,
6376,
2360,
2412,
5463,
2832,
2836,
161,
187,
3331,
3338,
11018,
405,
435,
2190,
2347,
3113,
588,
625,
1407,
1652,
3312,
2276,
3768,
3810,
431,
431,
7021,
845,
870,
328,
401,
2402,
2569,
1564,
1591,
14896,
166,
2745,
3330,
4116,
2798,
2799,
670,
692,
13333,
2547,
2561,
9036,
658,
678,
1016,
1042,
3851,
3874,
7485,
1513,
2998,
3022,
1951,
3524,
3605,
1125,
1244,
2813,
2833,
15590,
141,
1857,
1865,
401,
491,
1980,
2409,
1902,
1933,
183,
223,
8256,
4021,
4039,
14256,
3345,
3373,
5521,
2835,
2844,
8941,
1183,
1215,
