1,
0,
13,
14,
2,
5,
2,
5,
2,
2,
2,
4,
2,
2,
0,
0,
14,
16,
5,
5,
1,
5,
1,
1,
1,
1,
1,
1,
1,
1,
1,
0,
1,
1,
1,
1,
1,
0,
9,
10,
1,
3,
1,
0,
1,
1,
1,
1,
1,
1,
1,
1,
1,
1,
0,
1,
1,
1,
9,
1,
1,
1,
1,
1,
1,
1,
1,
1,
0,
6,
7,
5,
5,
5,
8,
0,
2,
2,
2,
2,
2,
2,
8,
2,
1,
0,
7,
22,
12,
10,
10,
1,
3,
0,
11,
16,
7,
7,
3,
3,
3,
3,
3,
1,
0,
0,
5,
9,
1,
4,
2,
4,
1,
1,
1,
1,
1,
1,
1,
1,
1,
1,
1,
1,
0,
0,
17,
3,
3,
3,
3,
5,
3,
5,
5,
0,
1,
13,
8,
1,
1,
1,
1,
1,
1,
1,
1,
1,
1,
1,
0,
3,
3,
3,
3,
3,
14,
1,
14,
0,
2,
2,
2,
2,
2,
2,
3,
2,
3,
1,
3,
3,
0,
2,
1,
8,
8,
4,
8,
3,
3,
3,
3,
3,
3,
3,
3,
3,
0,
1,
1,
0,
9,
13,
4,
4,
4,
2,
0,
9003,
13,
8859,
8481,
7998,
7319,
6717,
5954,
5464,
5072,
4422,
4157,
3623,
3385,
3021,
2672,
2545,
2286,
1985,
1762,
1670,
1586,
1376,
1194,
1040,
963,
858,
837,
837,
802,
694,
600,
522,
456,
396,
347,
298,
257,
226,
194,
172,
150,
130,
110,
110,
110,
110,
110,
106,
95,
82,
74,
67,
55,
53,
46,
39,
33,
32,
26,
25,
25,
19,
18,
18,
18,
12,
12,
11,
11,
11,
11,
11,
10,
6,
5,
5,
5,
5,
5,
5,
5,
5,
5,
5,
5,
5,
5,
5,
5,
5,
5,
5,
5,
5,
5,
5,
5,
5,
5,
5,
5,
5,
5,
5,
5,
5,
5,
5,
5,
5,
5,
5,
5,
5,
5,
5,
5,
5,
5,
5,
5,
5,
5,
5,
5,
5,
5,
5,
5,
5,
5,
5,
5,
5,
5,
5,
5,
5,
5,
5,
5,
5,
5,
5,
5,
5,
5,
5,
5,
5,
5,
5,
5,
5,
5,
5,
5,
5,
5,
5,
5,
5,
5,
5,
5,
5,
5,
5,
5,
5,
5,
5,
5,
5,
5,
5,
5,
5,
5,
5,
5,
5,
5,
5,
5,
5,
5,
5,
5,
5,
5,
5,
5,
5,
5,
5,
5,
5,
5,
5,
5,
5,
5,
5,
5,
5,
5,
5,
5,
5,
5,
5,
5,
5,
5,
5,
5,
5,
5,
5,
5,
5,
5,
5,
5,
5,
5,
5,
5,
5,
5,
5,
5,
5,
5,
5,
5,
5,
5,
5,
5,
5,
5,
5,
5,
5,
5,
5,
5,
5,
5,
5,
5,
5,
5,
5,
5,
5,
5,
5,
5,
5,
5,
5,
5,
5,
5,
5,
5,
5,
5,
5,
5,
5,
5,
5,
5,
5,
5,
5,
5,
5,
5,
5,
5,
5,
5,
5,
5,
5,
5,
5,
5,
5,
5,
5,
5,
5,
5,
5,
5,
5,
5,
5,
5,
5,
5,
5,
5,
5,
5,
5,
5,
5,
5,
5,
5,
5,
5,
5,
5,
5,
5,
5,
5,
5,
5,
5,
5,
5,
5,
5,
5,
5,
5,
5,
5,
5,
5,
5,
5,
5,
5,
5,
5,
5,
5,
5,
5,
5,
5,
5,
5,
5,
5,
5,
5,
5,
5,
5,
5,
5,
5,
5,
5,
5,
5,
5,
5,
5,
5,
5,
5,
5,
5,
5,
5,
5,
5,
5,
5,
5,
5,
5,
5,
5,
5,
5,
5,
5,
5,
5,
5,
5,
5,
5,
5,
5,
5,
5,
5,
5,
5,
5,
5,
5,
5,
5,
5,
5,
5,
5,
5,
5,
5,
5,
5,
5,
5,
5,
5,
5,
5,
5,
5,
5,
5,
5,
5,
5,
5,
5,
5,
5,
5,
5,
5,
5,
5,
5,
5,
5,
5,
5,
5,
5,
5,
5,
5,
5,
5,
5,
5,
5,
5,
5,
5,
5,
5,
5,
5,
5,
5,
5,
5,
5,
5,
5,
5,
5,
5,
5,
5,
5,
5,
5,
5,
5,
5,
5,
5,
5,
5,
5,
5,
5,
5,
5,
5,
5,
5,
5,
5,
5,
5,
5,
5,
5,
5,
5,
5,
5,
5,
5,
5,
5,
5,
5,
5,
5,
5,
5,
5,
4,
4,
4,
4,
4,
4,
4,
4,
4,
4,
4,
3,
1,
10,
4,
0,
2682,
2395,
2273,
2109,
1851,
1633,
1465,
1465,
1353,
1184,
1031,
912,
811,
779,
681,
674,
674,
674,
597,
520,
450,
387,
338,
295,
254,
219,
191,
163,
142,
121,
107,
93,
79,
71,
58,
51,
44,
37,
31,
30,
23,
22,
16,
16,
10,
9,
9,
8,
3,
2,
2,
2,
2,
1,
155072,
105035,
102851,
100947,
99205,
97482,
95743,
93955,
92302,
90650,
89081,
87431,
85994,
84518,
83006,
81579,
80185,
78841,
77371,
76020,
74795,
73444,
72156,
70938,
69700,
68433,
67187,
66017,
64827,
63602,
62468,
61319,
60298,
59144,
58107,
56937,
55889,
54858,
53893,
52906,
51870,
50953,
50043,
49133,
48230,
47320,
46431,
45563,
44786,
43967,
43106,
42322,
41552,
40789,
40013,
39361,
38583,
37947,
37171,
36554,
35910,
35274,
34636,
34035,
33399,
32774,
32151,
31661,
31059,
30562,
29981,
29435,
28931,
28420,
27902,
27398,
26893,
26390,
25885,
25508,
25004,
24594,
24122,
23744,
23240,
22862,
22484,
22015,
21603,
21229,
20846,
20468,
20090,
19782,
19460,
19081,
18705,
18438,
18102,
17739,
17486,
17101,
16843,
16534,
16191,
15932,
15673,
15287,
15029,
14770,
14518,
14264,
14001,
13741,
13489,
13230,
12972,
12719,
12481,
12334,
12090,
11843,
11655,
11452,
11193,
11060,
10802,
10626,
10416,
10248,
10031,
9898,
9639,
9512,
9324,
9122,
8995,
8863,
8604,
8477,
8345,
8218,
8085,
7833,
7700,
7567,
7441,
7308,
7175,
7048,
6916,
6790,
6657,
6531,
6398,
6272,
6140,
6096,
6013,
5887,
5754,
5628,
5495,
5488,
5369,
5242,
5110,
5089,
4978,
4851,
4725,
4725,
4592,
4466,
4466,
4333,
4312,
4207,
4074,
4074,
3948,
3948,
3815,
3759,
3683,
3577,
3556,
3437,
3425,
3332,
3297,
3255,
3171,
3171,
3038,
3038,
2912,
2912,
2821,
2781,
2781,
2653,
2653,
2611,
2521,
2521,
2401,
2394,
2394,
2261,
2261,
2261,
2158,
2135,
2135,
2114,
2009,
2009,
2009,
1876,
1876,
1876,
1876,
1744,
1744,
1744,
1744,
1617,
1617,
1617,
1617,
1491,
1491,
1491,
1491,
1485,
1358,
1358,
1358,
1358,
1358,
1232,
1232,
1232,
1232,
1232,
1190,
1104,
1104,
1104,
1104,
1104,
1100,
973,
973,
973,
973,
973,
973,
973,
861,
847,
847,
847,
847,
847,
847,
847,
770,
720,
720,
720,
720,
720,
720,
720,
720,
714,
623,
589,
589,
589,
589,
589,
589,
589,
589,
589,
589,
567,
497,
462,
462,
462,
462,
462,
462,
462,
462,
462,
462,
462,
462,
462,
441,
385,
336,
336,
336,
336,
336,
336,
336,
336,
336,
336,
336,
336,
336,
336,
336,
336,
336,
336,
336,
302,
272,
232,
217,
217,
217,
217,
217,
217,
217,
217,
217,
217,
217,
217,
217,
217,
217,
217,
217,
217,
217,
217,
217,
217,
217,
217,
217,
217,
217,
217,
216,
189,
167,
141,
126,
111,
92,
92,
92,
92,
92,
92,
92,
92,
92,
92,
92,
92,
92,
92,
92,
92,
92,
92,
92,
92,
92,
92,
92,
92,
92,
92,
92,
92,
92,
92,
92,
92,
92,
92,
92,
92,
92,
92,
92,
92,
92,
92,
92,
92,
92,
92,
92,
92,
92,
92,
92,
92,
92,
92,
92,
92,
92,
92,
92,
92,
92,
92,
92,
92,
92,
92,
92,
92,
92,
90,
83,
71,
63,
56,
50,
48,
42,
35,
34,
28,
28,
22,
21,
21,
21,
20,
14,
14,
14,
14,
14,
13,
8,
8,
8,
7,
7,
7,
7,
7,
7,
7,
7,
6,
5,
1,
1,
1,
1,
1,
1,
1,
1,
1,
1,
1,
0,
3000,
3000,
2868,
2868,
2741,
2741,
2735,
2609,
2609,
2484,
2483,
2483,
2350,
2350,
2350,
2224,
2224,
2224,
2091,
2091,
2091,
2063,
1965,
1965,
1965,
1833,
1833,
1833,
1833,
1706,
1706,
1706,
1706,
1579,
1579,
1579,
1579,
1517,
1447,
1447,
1447,
1447,
1350,
1321,
1321,
1321,
1321,
1279,
1188,
1188,
1188,
1188,
1188,
1131,
1062,
1062,
1062,
1062,
1062,
1062,
943,
936,
936,
936,
936,
936,
936,
886,
810,
810,
810,
810,
810,
810,
810,
810,
713,
684,
684,
684,
684,
684,
684,
684,
684,
684,
614,
554,
554,
554,
554,
554,
554,
554,
554,
554,
554,
554,
531,
461,
425,
425,
425,
425,
425,
425,
425,
425,
425,
425,
425,
425,
425,
425,
425,
369,
320,
299,
299,
299,
299,
299,
299,
299,
299,
299,
299,
299,
299,
299,
299,
299,
299,
299,
299,
299,
299,
299,
264,
229,
200,
173,
173,
173,
173,
173,
173,
173,
173,
173,
173,
173,
173,
173,
173,
173,
173,
173,
173,
173,
173,
173,
173,
173,
173,
173,
173,
173,
173,
173,
173,
173,
173,
173,
173,
173,
173,
166,
151,
131,
111,
101,
89,
75,
68,
60,
53,
53,
53,
53,
53,
53,
53,
53,
53,
53,
53,
53,
53,
53,
53,
53,
53,
53,
53,
53,
53,
53,
53,
53,
53,
53,
53,
53,
53,
53,
53,
53,
53,
53,
53,
53,
53,
53,
53,
53,
53,
53,
53,
53,
53,
53,
53,
53,
53,
53,
53,
53,
53,
53,
53,
53,
53,
53,
53,
53,
53,
53,
53,
53,
53,
53,
53,
53,
53,
53,
53,
53,
53,
53,
53,
53,
53,
53,
53,
53,
53,
53,
53,
53,
53,
53,
53,
53,
53,
53,
53,
53,
53,
53,
53,
53,
53,
53,
53,
53,
53,
53,
53,
53,
53,
53,
53,
53,
53,
53,
53,
53,
53,
53,
53,
53,
53,
53,
53,
53,
48,
47,
41,
40,
33,
33,
26,
26,
20,
19,
19,
13,
12,
12,
12,
12,
6,
6,
5,
5,
5,
5,
5,
5,
5,
5,
5,
4,
4,
0,
2935,
2935,
2803,
2803,
2705,
2685,
2685,
2558,
2558,
2558,
2432,
2432,
2383,
2313,
2313,
2265,
2187,
2187,
2186,
2061,
2061,
2061,
1935,
1935,
1935,
1921,
1809,
1809,
1809,
1759,
1683,
1683,
1683,
1662,
1557,
1557,
1557,
1557,
1424,
1424,
1424,
1424,
1424,
1297,
1297,
1297,
1297,
1297,
1228,
1165,
1165,
1165,
1165,
1165,
1102,
1039,
1039,
1039,
1039,
1039,
1039,
934,
913,
913,
913,
913,
913,
913,
892,
781,
781,
781,
781,
781,
781,
781,
781,
758,
654,
654,
654,
654,
654,
654,
654,
654,
654,
654,
597,
527,
527,
527,
527,
527,
527,
527,
527,
527,
527,
527,
527,
486,
423,
395,
395,
395,
395,
395,
395,
395,
395,
395,
395,
395,
395,
395,
395,
395,
392,
346,
297,
269,
269,
269,
269,
269,
269,
269,
269,
269,
269,
269,
269,
269,
269,
269,
269,
269,
269,
269,
269,
269,
269,
269,
255,
226,
193,
171,
150,
150,
150,
150,
150,
150,
150,
150,
150,
150,
150,
150,
150,
150,
150,
150,
150,
150,
150,
150,
150,
150,
150,
150,
150,
150,
150,
150,
150,
150,
150,
150,
150,
150,
150,
150,
150,
150,
150,
150,
150,
150,
136,
122,
107,
94,
80,
73,
61,
53,
50,
45,
38,
32,
31,
31,
31,
31,
31,
31,
31,
31,
31,
31,
31,
31,
31,
31,
31,
31,
31,
31,
31,
31,
31,
31,
31,
31,
31,
31,
31,
31,
31,
31,
31,
31,
31,
31,
31,
31,
31,
31,
31,
31,
31,
31,
31,
31,
31,
31,
31,
31,
31,
31,
31,
31,
31,
31,
31,
31,
31,
31,
31,
31,
31,
31,
31,
31,
31,
31,
31,
31,
31,
31,
31,
31,
31,
31,
31,
31,
31,
31,
31,
31,
31,
31,
31,
31,
31,
31,
31,
31,
31,
31,
31,
31,
31,
31,
31,
31,
31,
31,
31,
31,
31,
31,
31,
31,
31,
31,
31,
31,
31,
31,
31,
31,
31,
31,
31,
31,
31,
31,
31,
31,
31,
31,
31,
31,
31,
31,
31,
31,
31,
31,
31,
31,
31,
31,
31,
31,
31,
31,
31,
31,
31,
31,
31,
31,
31,
31,
31,
31,
31,
31,
31,
31,
31,
31,
31,
31,
31,
31,
31,
31,
31,
31,
31,
31,
31,
31,
31,
31,
31,
31,
31,
31,
31,
31,
31,
31,
31,
31,
31,
31,
31,
31,
31,
31,
31,
31,
31,
31,
31,
31,
31,
31,
31,
31,
31,
31,
31,
31,
31,
31,
31,
31,
31,
31,
31,
31,
31,
25,
24,
24,
23,
17,
17,
17,
17,
16,
11,
10,
10,
10,
10,
10,
10,
9,
4,
4,
4,
4,
4,
3,
3,
3,
3,
3,
3,
3,
3,
3,
3,
3,
3,
3,
3,
3,
3,
3,
3,
3,
3,
3,
3,
3,
3,
3,
3,
2,
2,
2,
0,
2914,
2914,
2787,
2787,
2696,
2655,
2655,
2528,
2528,
2528,
2395,
2395,
2395,
2325,
2325,
2325,
2199,
2199,
2199,
2073,
2073,
2073,
1941,
1941,
1941,
1941,
1814,
1814,
1814,
1786,
1688,
1688,
1688,
1681,
1562,
1562,
1562,
1562,
1436,
1436,
1436,
1436,
1436,
1303,
1303,
1303,
1303,
1303,
1226,
1177,
1177,
1177,
1177,
1177,
1093,
1045,
1045,
1045,
1045,
1045,
1045,
918,
918,
918,
918,
918,
918,
918,
876,
792,
792,
792,
792,
792,
792,
792,
792,
729,
665,
665,
665,
665,
665,
665,
665,
665,
665,
646,
562,
534,
534,
534,
534,
534,
534,
534,
534,
534,
534,
534,
519,
455,
407,
407,
407,
407,
407,
407,
407,
407,
407,
407,
407,
407,
407,
407,
407,
394,
344,
296,
281,
281,
281,
281,
281,
281,
281,
281,
281,
281,
281,
281,
281,
281,
281,
281,
281,
281,
281,
281,
281,
281,
253,
224,
191,
169,
149,
149,
149,
149,
149,
149,
149,
149,
149,
149,
149,
149,
149,
149,
149,
149,
149,
149,
149,
149,
149,
149,
149,
149,
149,
149,
149,
149,
149,
149,
149,
149,
149,
149,
149,
149,
149,
149,
149,
149,
149,
149,
141,
120,
106,
92,
79,
71,
64,
55,
49,
43,
36,
29,
29,
28,
28,
28,
28,
28,
28,
28,
28,
28,
28,
28,
28,
28,
28,
28,
28,
28,
28,
28,
28,
28,
28,
28,
28,
28,
28,
28,
28,
28,
28,
28,
28,
28,
28,
28,
28,
28,
28,
28,
28,
28,
28,
28,
28,
28,
28,
28,
28,
28,
28,
28,
28,
28,
28,
28,
28,
28,
28,
28,
28,
28,
28,
28,
28,
28,
28,
28,
28,
28,
28,
28,
28,
28,
28,
28,
28,
28,
28,
28,
28,
28,
28,
28,
28,
28,
28,
28,
28,
28,
28,
28,
28,
28,
28,
28,
28,
28,
28,
28,
28,
28,
28,
28,
28,
28,
28,
28,
28,
28,
28,
28,
28,
28,
28,
28,
28,
28,
28,
28,
28,
28,
28,
28,
28,
28,
28,
28,
28,
28,
28,
28,
28,
28,
28,
28,
28,
28,
28,
28,
28,
28,
28,
28,
28,
28,
28,
28,
28,
28,
28,
28,
28,
28,
28,
28,
28,
28,
28,
28,
28,
28,
28,
28,
28,
28,
28,
28,
28,
28,
28,
28,
28,
28,
28,
28,
28,
28,
28,
28,
28,
28,
28,
28,
28,
28,
28,
28,
28,
28,
28,
28,
28,
28,
28,
28,
28,
28,
28,
28,
28,
28,
28,
28,
28,
28,
28,
28,
28,
28,
28,
28,
28,
28,
28,
28,
28,
28,
28,
28,
28,
28,
28,
28,
28,
28,
28,
28,
28,
28,
23,
22,
22,
22,
16,
15,
15,
15,
14,
8,
8,
8,
8,
8,
8,
7,
5,
2,
2,
2,
2,
2,
2,
2,
2,
1,
1,
1,
1,
1,
1,
1,
1,
1,
1,
1,
1,
1,
1,
1,
1,
1,
1,
1,
1,
1,
1,
1,
1,
1,
1,
1,
1,
1,
1,
1,
1,
1,
1,
1,
1,
1,
1,
1,
1,
1,
1,
1,
1,
1,
1,
1,
1,
1,
1,
1,
1,
1,
1,
1,
1,
1,
1,
1,
1,
1,
0,
2910,
2910,
2778,
2778,
2701,
2651,
2651,
2519,
2519,
2519,
2393,
2393,
2393,
2289,
2289,
2289,
2162,
2162,
2162,
2036,
2036,
2036,
1958,
1910,
1910,
1910,
1777,
1777,
1777,
1777,
1651,
1651,
1651,
1651,
1532,
1520,
1520,
1520,
1520,
1392,
1392,
1392,
1392,
1392,
1264,
1264,
1264,
1264,
1264,
1182,
1133,
1133,
1133,
1133,
1133,
1083,
1007,
1007,
1007,
1007,
1007,
1007,
944,
881,
881,
881,
881,
881,
881,
881,
811,
755,
755,
755,
755,
755,
755,
755,
755,
713,
629,
629,
629,
629,
629,
629,
629,
629,
629,
629,
594,
517,
497,
497,
497,
497,
497,
497,
497,
497,
497,
497,
497,
497,
468,
405,
370,
370,
370,
370,
370,
370,
370,
370,
370,
370,
370,
370,
370,
370,
370,
370,
370,
331,
286,
251,
244,
244,
244,
244,
244,
244,
244,
244,
244,
244,
244,
244,
244,
244,
244,
244,
244,
244,
244,
244,
244,
244,
244,
244,
244,
224,
196,
174,
147,
132,
118,
118,
118,
118,
118,
118,
118,
118,
118,
118,
118,
118,
118,
118,
118,
118,
118,
118,
118,
118,
118,
118,
118,
118,
118,
118,
118,
118,
118,
118,
118,
118,
118,
118,
118,
118,
118,
118,
118,
118,
118,
118,
118,
118,
118,
118,
118,
118,
118,
118,
118,
118,
118,
112,
104,
90,
82,
69,
62,
55,
48,
41,
39,
34,
27,
27,
26,
20,
20,
20,
19,
14,
13,
13,
13,
13,
12,
7,
6,
6,
6,
6,
6,
6,
6,
6,
6,
6,
6,
6,
6,
6,
6,
6,
6,
6,
6,
6,
6,
6,
6,
6,
6,
6,
6,
6,
6,
6,
6,
6,
6,
6,
6,
6,
6,
6,
6,
6,
6,
6,
6,
6,
6,
6,
6,
6,
6,
6,
6,
6,
6,
6,
6,
6,
6,
6,
6,
6,
6,
6,
6,
6,
6,
6,
6,
6,
6,
6,
6,
6,
6,
6,
6,
6,
6,
6,
6,
6,
6,
6,
6,
6,
6,
6,
6,
6,
6,
6,
6,
6,
6,
6,
6,
6,
6,
6,
6,
6,
6,
6,
6,
6,
6,
6,
6,
6,
6,
6,
6,
6,
6,
6,
6,
6,
6,
6,
6,
6,
6,
6,
6,
6,
6,
6,
6,
6,
6,
6,
6,
6,
6,
6,
6,
6,
6,
6,
6,
6,
6,
6,
6,
6,
6,
6,
6,
6,
6,
6,
6,
6,
6,
6,
6,
6,
6,
6,
6,
6,
6,
6,
6,
6,
6,
6,
6,
6,
6,
6,
6,
6,
6,
6,
6,
6,
6,
6,
6,
6,
6,
6,
6,
6,
6,
6,
6,
6,
6,
6,
6,
6,
6,
6,
6,
6,
6,
6,
6,
6,
6,
6,
6,
6,
6,
6,
6,
6,
6,
6,
6,
6,
6,
6,
6,
6,
6,
6,
6,
6,
6,
6,
6,
6,
6,
6,
6,
6,
6,
6,
6,
6,
6,
6,
6,
6,
6,
6,
6,
6,
6,
6,
6,
6,
6,
6,
6,
6,
6,
6,
6,
6,
6,
6,
6,
6,
6,
6,
6,
6,
6,
6,
6,
6,
6,
6,
6,
6,
6,
6,
6,
6,
6,
6,
6,
6,
6,
6,
6,
6,
6,
6,
6,
6,
6,
6,
6,
6,
6,
6,
6,
6,
6,
6,
6,
6,
6,
6,
6,
6,
6,
6,
6,
6,
6,
6,
6,
6,
6,
6,
6,
6,
6,
6,
6,
6,
6,
6,
6,
6,
6,
6,
6,
6,
6,
6,
6,
6,
6,
6,
6,
6,
6,
6,
6,
6,
6,
6,
6,
6,
6,
6,
6,
6,
6,
6,
6,
6,
6,
6,
6,
6,
6,
6,
6,
6,
6,
6,
6,
6,
6,
6,
6,
6,
6,
6,
6,
6,
6,
6,
6,
6,
6,
6,
6,
6,
6,
6,
6,
6,
6,
6,
6,
6,
6,
6,
6,
6,
6,
6,
6,
6,
6,
6,
6,
6,
6,
6,
6,
6,
6,
6,
6,
6,
6,
6,
6,
6,
6,
6,
6,
6,
6,
6,
6,
6,
6,
6,
6,
6,
6,
6,
6,
6,
6,
6,
6,
6,
6,
6,
6,
6,
6,
6,
6,
6,
6,
6,
6,
6,
6,
6,
6,
6,
6,
6,
6,
6,
6,
6,
6,
6,
6,
6,
6,
6,
6,
6,
6,
6,
6,
6,
6,
6,
6,
6,
6,
6,
6,
6,
6,
6,
6,
6,
6,
6,
6,
6,
6,
6,
6,
6,
6,
6,
6,
6,
6,
6,
6,
6,
6,
6,
6,
6,
6,
6,
6,
6,
6,
6,
6,
6,
6,
6,
6,
6,
6,
6,
6,
6,
6,
6,
6,
6,
6,
6,
6,
6,
6,
6,
6,
6,
6,
6,
6,
6,
6,
6,
6,
6,
6,
6,
6,
6,
6,
6,
6,
6,
6,
6,
6,
6,
6,
6,
6,
6,
6,
6,
6,
6,
6,
6,
6,
6,
6,
6,
6,
6,
6,
6,
6,
6,
6,
6,
6,
6,
6,
6,
6,
6,
6,
6,
6,
6,
6,
6,
6,
6,
6,
6,
6,
6,
6,
6,
6,
6,
6,
6,
6,
6,
6,
6,
6,
6,
6,
6,
6,
6,
6,
6,
6,
6,
6,
6,
6,
6,
6,
6,
6,
6,
6,
6,
6,
6,
6,
6,
6,
6,
6,
6,
6,
6,
6,
6,
6,
6,
6,
6,
6,
6,
6,
6,
6,
6,
6,
6,
6,
6,
6,
6,
6,
6,
6,
6,
6,
6,
6,
6,
6,
6,
6,
6,
6,
6,
6,
6,
6,
6,
6,
6,
6,
6,
6,
6,
6,
6,
6,
6,
6,
6,
6,
6,
6,
6,
6,
6,
6,
6,
6,
6,
6,
6,
6,
6,
6,
6,
6,
6,
6,
6,
6,
6,
6,
6,
6,
6,
6,
6,
6,
6,
6,
6,
6,
6,
6,
6,
6,
6,
6,
6,
6,
6,
6,
6,
6,
6,
6,
6,
6,
6,
6,
6,
6,
6,
6,
6,
6,
6,
6,
6,
6,
6,
6,
6,
6,
6,
6,
6,
6,
6,
6,
6,
6,
6,
6,
6,
6,
6,
6,
6,
6,
6,
6,
6,
6,
6,
6,
6,
6,
6,
6,
6,
6,
6,
6,
6,
6,
6,
6,
6,
6,
6,
6,
6,
6,
6,
6,
6,
6,
6,
6,
6,
6,
6,
6,
6,
6,
6,
6,
6,
6,
6,
6,
6,
6,
6,
6,
6,
6,
6,
6,
6,
6,
6,
6,
6,
6,
6,
6,
6,
6,
6,
6,
6,
6,
6,
6,
6,
6,
6,
6,
6,
6,
6,
6,
6,
6,
6,
6,
6,
6,
6,
6,
6,
6,
6,
6,
6,
6,
6,
6,
6,
6,
6,
6,
6,
6,
6,
6,
6,
6,
6,
6,
6,
6,
6,
6,
6,
6,
6,
6,
6,
6,
6,
6,
6,
6,
6,
6,
6,
6,
6,
6,
6,
6,
6,
6,
6,
6,
6,
6,
6,
6,
6,
6,
6,
6,
6,
6,
6,
6,
6,
6,
6,
6,
6,
6,
6,
6,
6,
6,
6,
6,
6,
6,
6,
6,
6,
6,
6,
6,
6,
6,
6,
6,
6,
6,
6,
6,
6,
6,
6,
6,
6,
6,
6,
6,
6,
6,
6,
6,
6,
6,
6,
6,
6,
6,
6,
6,
6,
6,
6,
6,
6,
6,
6,
6,
6,
6,
6,
6,
6,
6,
6,
6,
6,
6,
6,
6,
6,
6,
6,
6,
6,
6,
6,
6,
6,
6,
6,
6,
6,
6,
6,
6,
6,
6,
6,
6,
6,
6,
6,
6,
6,
6,
6,
6,
6,
6,
6,
6,
6,
6,
6,
6,
6,
6,
6,
6,
6,
6,
6,
6,
6,
6,
6,
6,
6,
6,
6,
6,
6,
6,
6,
6,
6,
6,
6,
6,
6,
6,
6,
6,
6,
6,
6,
6,
6,
6,
6,
6,
6,
6,
6,
6,
6,
6,
6,
6,
6,
6,
6,
6,
6,
6,
6,
6,
6,
6,
6,
6,
6,
6,
6,
6,
6,
6,
6,
6,
6,
6,
6,
6,
6,
6,
6,
6,
6,
6,
6,
6,
6,
5,
5,
4,
0,
2881,
2881,
2754,
2754,
2720,
2622,
2622,
2496,
2496,
2496,
2369,
2369,
2369,
2237,
2237,
2237,
2110,
2110,
2110,
2026,
1979,
1979,
1979,
1852,
1852,
1852,
1844,
1720,
1720,
1720,
1719,
1593,
1593,
1593,
1593,
1467,
1467,
1467,
1467,
1467,
1341,
1341,
1341,
1341,
1341,
1208,
1208,
1208,
1208,
1208,
1208,
1081,
1081,
1081,
1081,
1081,
1081,
998,
949,
949,
949,
949,
949,
949,
915,
823,
823,
823,
823,
823,
823,
823,
823,
732,
691,
691,
691,
691,
691,
691,
691,
691,
691,
620,
564,
564,
564,
564,
564,
564,
564,
564,
564,
564,
564,
522,
452,
438,
438,
438,
438,
438,
438,
438,
438,
438,
438,
438,
438,
438,
438,
396,
341,
307,
307,
307,
307,
307,
307,
307,
307,
307,
307,
307,
307,
307,
307,
307,
307,
307,
307,
307,
307,
298,
257,
227,
194,
180,
180,
180,
180,
180,
180,
180,
180,
180,
180,
180,
180,
180,
180,
180,
180,
180,
180,
180,
180,
180,
180,
180,
180,
180,
180,
180,
180,
180,
180,
180,
180,
180,
180,
179,
158,
137,
123,
109,
95,
87,
74,
67,
67,
67,
67,
67,
67,
67,
67,
67,
67,
67,
67,
67,
67,
67,
67,
67,
67,
67,
67,
67,
67,
67,
67,
67,
67,
67,
67,
67,
67,
67,
67,
67,
67,
67,
67,
67,
67,
67,
67,
67,
67,
67,
67,
67,
67,
67,
67,
67,
67,
67,
67,
67,
67,
67,
67,
67,
67,
67,
67,
67,
67,
67,
67,
67,
67,
67,
67,
67,
67,
67,
67,
67,
67,
67,
67,
67,
67,
67,
67,
67,
67,
67,
67,
67,
67,
67,
67,
67,
67,
67,
67,
67,
67,
67,
60,
59,
53,
46,
43,
39,
33,
32,
31,
25,
25,
24,
18,
18,
18,
17,
12,
11,
11,
11,
11,
11,
11,
10,
5,
5,
4,
4,
4,
4,
4,
4,
4,
4,
4,
4,
4,
4,
4,
3,
3,
1,
0,
2963,
2963,
2837,
2837,
2704,
2704,
2704,
2578,
2578,
2522,
2445,
2445,
2347,
2319,
2319,
2214,
2186,
2186,
2165,
2066,
2066,
2066,
1941,
1941,
1941,
1906,
1815,
1815,
1815,
1739,
1689,
1689,
1689,
1647,
1569,
1569,
1569,
1569,
1444,
1444,
1444,
1444,
1444,
1319,
1319,
1319,
1319,
1319,
1200,
1199,
1199,
1199,
1199,
1199,
1073,
1073,
1073,
1073,
1073,
1073,
1017,
948,
948,
948,
948,
948,
948,
940,
828,
828,
828,
828,
828,
828,
828,
828,
751,
702,
702,
702,
702,
702,
702,
702,
702,
702,
632,
583,
583,
583,
583,
583,
583,
583,
583,
583,
583,
583,
513,
457,
457,
457,
457,
457,
457,
457,
457,
457,
457,
457,
457,
457,
457,
409,
359,
338,
338,
338,
338,
338,
338,
338,
338,
338,
338,
338,
338,
338,
338,
338,
338,
338,
338,
324,
282,
247,
219,
218,
218,
218,
218,
218,
218,
218,
218,
218,
218,
218,
218,
218,
218,
218,
218,
218,
218,
218,
218,
218,
218,
218,
218,
218,
218,
218,
218,
198,
177,
149,
135,
120,
107,
100,
100,
100,
100,
100,
100,
100,
100,
100,
100,
100,
100,
100,
100,
100,
100,
100,
100,
100,
100,
100,
100,
100,
100,
100,
100,
100,
100,
100,
100,
100,
100,
100,
100,
100,
100,
100,
100,
100,
100,
100,
100,
100,
100,
100,
100,
100,
100,
100,
100,
100,
100,
100,
100,
100,
100,
100,
100,
100,
100,
100,
100,
100,
92,
79,
72,
64,
52,
49,
44,
38,
37,
30,
30,
23,
23,
23,
22,
16,
16,
16,
16,
15,
10,
9,
9,
9,
9,
9,
9,
9,
9,
9,
9,
8,
5,
3,
3,
3,
2,
2,
2,
2,
2,
2,
2,
2,
2,
2,
2,
2,
2,
2,
2,
2,
2,
2,
2,
2,
2,
2,
2,
2,
2,
2,
2,
2,
2,
2,
2,
2,
2,
2,
2,
2,
2,
2,
2,
2,
2,
2,
2,
2,
2,
2,
2,
2,
2,
2,
2,
2,
2,
2,
2,
2,
2,
2,
2,
2,
2,
2,
2,
2,
2,
2,
2,
2,
2,
2,
2,
2,
2,
2,
2,
2,
2,
2,
2,
2,
2,
2,
2,
2,
2,
2,
2,
2,
2,
2,
2,
2,
2,
2,
2,
2,
2,
2,
2,
2,
2,
2,
2,
2,
2,
2,
2,
2,
2,
2,
2,
2,
2,
2,
2,
2,
2,
2,
2,
2,
2,
2,
2,
2,
2,
2,
2,
2,
2,
2,
2,
2,
2,
2,
2,
2,
2,
2,
2,
2,
2,
2,
2,
2,
2,
2,
2,
2,
2,
2,
2,
2,
2,
2,
2,
2,
2,
2,
2,
2,
2,
2,
2,
2,
2,
2,
2,
2,
2,
2,
2,
2,
2,
2,
2,
2,
2,
2,
2,
2,
2,
2,
2,
2,
2,
2,
2,
2,
2,
2,
2,
2,
2,
2,
2,
2,
2,
2,
2,
2,
2,
2,
2,
2,
2,
2,
2,
2,
2,
2,
2,
2,
2,
2,
2,
2,
2,
2,
2,
2,
2,
2,
2,
2,
2,
2,
2,
2,
2,
2,
2,
2,
2,
2,
2,
2,
2,
2,
2,
2,
2,
2,
2,
2,
2,
2,
2,
2,
2,
2,
2,
2,
2,
2,
2,
2,
2,
2,
2,
2,
2,
2,
2,
2,
2,
2,
2,
2,
2,
2,
2,
2,
2,
2,
2,
2,
2,
2,
2,
2,
2,
2,
2,
2,
2,
2,
2,
2,
2,
2,
2,
2,
2,
2,
2,
2,
2,
2,
2,
2,
2,
2,
2,
2,
2,
2,
2,
2,
2,
2,
2,
2,
2,
2,
2,
2,
2,
2,
2,
2,
2,
2,
2,
2,
2,
2,
2,
2,
2,
2,
2,
2,
2,
2,
2,
2,
2,
2,
2,
2,
2,
2,
2,
2,
2,
2,
2,
2,
2,
2,
2,
2,
2,
2,
2,
2,
2,
2,
2,
2,
2,
2,
2,
2,
2,
2,
2,
2,
2,
2,
2,
2,
2,
2,
2,
2,
2,
2,
2,
2,
2,
2,
2,
2,
2,
2,
2,
2,
2,
2,
2,
2,
2,
2,
2,
2,
2,
2,
2,
2,
2,
2,
2,
2,
2,
2,
2,
2,
2,
2,
2,
2,
2,
2,
2,
2,
2,
2,
2,
2,
2,
2,
2,
2,
2,
2,
2,
2,
2,
2,
2,
2,
2,
2,
2,
2,
2,
2,
2,
2,
2,
2,
2,
2,
2,
2,
2,
2,
2,
2,
2,
2,
2,
2,
2,
2,
2,
2,
2,
2,
2,
2,
2,
2,
2,
2,
2,
2,
2,
2,
2,
2,
2,
2,
2,
2,
2,
2,
2,
2,
2,
2,
2,
2,
2,
2,
2,
2,
2,
2,
2,
2,
2,
2,
2,
2,
2,
2,
2,
2,
2,
2,
2,
2,
2,
2,
2,
2,
2,
2,
2,
2,
2,
2,
2,
2,
2,
2,
2,
2,
2,
2,
2,
2,
2,
2,
2,
2,
2,
2,
2,
2,
2,
2,
2,
2,
2,
2,
2,
2,
2,
2,
2,
2,
2,
2,
2,
2,
2,
2,
2,
2,
2,
2,
2,
2,
2,
2,
2,
2,
2,
2,
2,
2,
2,
2,
2,
2,
2,
2,
2,
2,
2,
2,
2,
2,
2,
2,
2,
2,
2,
2,
2,
2,
2,
2,
2,
2,
2,
2,
2,
2,
2,
2,
2,
2,
2,
2,
2,
2,
2,
2,
2,
2,
2,
2,
2,
2,
2,
2,
2,
2,
2,
2,
2,
2,
2,
2,
2,
2,
2,
2,
2,
2,
2,
2,
2,
2,
2,
2,
2,
2,
2,
2,
2,
2,
2,
2,
2,
2,
2,
2,
2,
2,
2,
2,
2,
2,
2,
2,
2,
2,
2,
2,
2,
2,
2,
2,
2,
2,
2,
2,
2,
2,
2,
2,
2,
2,
2,
2,
2,
2,
2,
2,
2,
2,
2,
2,
2,
2,
2,
2,
2,
2,
2,
2,
2,
2,
2,
2,
2,
2,
2,
2,
2,
2,
2,
2,
2,
2,
2,
2,
2,
2,
2,
2,
2,
2,
2,
2,
2,
2,
2,
2,
2,
2,
2,
2,
2,
2,
2,
2,
2,
2,
2,
2,
2,
2,
2,
2,
2,
2,
2,
2,
2,
2,
2,
2,
2,
2,
2,
2,
2,
2,
2,
2,
2,
2,
2,
2,
2,
2,
2,
2,
2,
2,
2,
2,
2,
2,
2,
2,
2,
2,
2,
2,
2,
2,
2,
2,
2,
2,
2,
2,
2,
2,
2,
2,
2,
2,
2,
2,
2,
2,
2,
2,
2,
2,
2,
2,
2,
2,
2,
2,
2,
2,
2,
2,
2,
2,
2,
2,
2,
2,
2,
2,
2,
2,
2,
2,
2,
2,
2,
2,
2,
2,
2,
2,
2,
2,
2,
2,
2,
2,
2,
2,
2,
2,
2,
2,
2,
2,
2,
2,
2,
2,
2,
2,
2,
2,
2,
2,
2,
2,
2,
2,
2,
2,
2,
2,
2,
2,
2,
2,
2,
2,
2,
2,
2,
2,
2,
2,
2,
2,
2,
2,
2,
2,
2,
2,
2,
2,
2,
2,
2,
2,
2,
2,
2,
2,
2,
2,
2,
2,
2,
2,
2,
2,
2,
2,
2,
2,
2,
2,
2,
2,
2,
2,
2,
2,
2,
2,
2,
2,
2,
2,
2,
2,
2,
2,
2,
2,
2,
2,
2,
2,
2,
2,
2,
2,
2,
2,
2,
2,
2,
2,
2,
2,
2,
2,
2,
2,
2,
2,
2,
2,
2,
2,
2,
2,
2,
2,
2,
2,
2,
2,
2,
2,
2,
2,
2,
2,
2,
2,
2,
2,
2,
2,
2,
2,
2,
2,
2,
2,
2,
2,
2,
2,
2,
2,
2,
2,
2,
2,
2,
2,
2,
2,
2,
2,
2,
2,
2,
2,
2,
2,
2,
2,
2,
2,
2,
2,
2,
2,
2,
2,
2,
2,
2,
2,
2,
2,
2,
2,
2,
2,
2,
2,
2,
2,
2,
2,
2,
2,
2,
2,
2,
2,
2,
2,
2,
2,
2,
2,
2,
2,
2,
2,
2,
2,
2,
2,
2,
2,
2,
2,
2,
2,
2,
2,
2,
2,
2,
2,
2,
2,
2,
2,
2,
2,
2,
2,
2,
2,
2,
2,
2,
2,
2,
2,
2,
2,
2,
2,
2,
2,
2,
2,
2,
2,
2,
2,
2,
2,
2,
2,
2,
2,
2,
2,
2,
2,
2,
2,
2,
2,
2,
2,
2,
2,
2,
2,
2,
2,
2,
2,
2,
2,
2,
2,
2,
2,
2,
2,
2,
2,
2,
2,
2,
2,
2,
2,
2,
2,
2,
2,
2,
2,
2,
2,
2,
2,
2,
2,
2,
2,
2,
2,
2,
2,
2,
2,
2,
2,
2,
2,
2,
2,
2,
2,
2,
2,
2,
2,
2,
2,
2,
2,
2,
2,
2,
2,
2,
2,
2,
2,
2,
2,
2,
2,
2,
2,
2,
2,
2,
2,
2,
2,
2,
2,
2,
2,
2,
2,
2,
2,
2,
2,
2,
2,
2,
2,
2,
2,
2,
2,
2,
2,
2,
2,
2,
2,
2,
2,
2,
2,
2,
2,
2,
2,
2,
2,
2,
2,
2,
2,
2,
2,
2,
2,
2,
2,
2,
2,
2,
2,
2,
2,
2,
2,
2,
2,
2,
2,
2,
2,
2,
2,
2,
2,
2,
2,
2,
2,
2,
2,
2,
2,
2,
2,
2,
2,
2,
2,
2,
2,
2,
2,
2,
2,
2,
2,
2,
2,
2,
2,
2,
2,
2,
2,
2,
2,
2,
2,
2,
2,
2,
2,
2,
2,
2,
2,
2,
2,
2,
2,
2,
2,
2,
2,
2,
2,
2,
2,
2,
2,
2,
2,
2,
2,
2,
2,
2,
2,
2,
2,
2,
2,
2,
2,
2,
2,
2,
2,
2,
2,
2,
2,
2,
2,
2,
2,
2,
2,
2,
2,
2,
2,
2,
2,
2,
2,
2,
2,
2,
2,
2,
2,
2,
2,
2,
2,
2,
2,
2,
2,
2,
2,
2,
2,
2,
2,
2,
2,
2,
2,
2,
2,
2,
2,
2,
2,
2,
2,
2,
2,
2,
2,
2,
2,
2,
2,
2,
2,
2,
2,
2,
2,
2,
2,
2,
2,
2,
2,
2,
2,
2,
2,
2,
2,
2,
2,
2,
2,
2,
2,
2,
2,
2,
2,
2,
2,
2,
2,
2,
2,
2,
2,
2,
2,
2,
2,
2,
2,
2,
2,
2,
2,
2,
2,
2,
2,
2,
2,
2,
2,
2,
2,
2,
2,
2,
2,
2,
2,
2,
2,
2,
2,
2,
2,
2,
2,
2,
2,
2,
2,
2,
2,
2,
2,
2,
2,
2,
2,
2,
2,
2,
2,
2,
2,
2,
2,
2,
2,
2,
2,
2,
2,
2,
2,
2,
2,
2,
2,
2,
2,
2,
2,
2,
2,
2,
2,
2,
2,
2,
2,
2,
2,
2,
2,
2,
2,
2,
2,
2,
2,
2,
2,
2,
2,
2,
2,
2,
2,
2,
2,
2,
2,
2,
2,
2,
2,
2,
2,
2,
2,
2,
2,
2,
2,
2,
2,
2,
2,
2,
2,
2,
2,
2,
2,
2,
2,
2,
2,
2,
2,
2,
2,
2,
2,
2,
2,
2,
2,
2,
2,
2,
2,
2,
2,
2,
2,
2,
2,
2,
2,
2,
2,
2,
2,
2,
2,
2,
2,
2,
2,
2,
2,
2,
2,
2,
2,
2,
2,
2,
2,
2,
2,
2,
2,
2,
2,
2,
2,
2,
2,
2,
2,
2,
2,
2,
2,
2,
2,
2,
2,
2,
2,
2,
2,
2,
2,
2,
2,
2,
2,
2,
2,
2,
2,
2,
2,
2,
2,
2,
2,
2,
2,
2,
2,
2,
2,
2,
2,
2,
2,
2,
2,
2,
2,
2,
2,
2,
2,
2,
2,
2,
2,
2,
2,
2,
2,
2,
2,
2,
2,
2,
2,
2,
2,
2,
2,
2,
2,
2,
2,
2,
2,
2,
2,
2,
2,
2,
2,
2,
2,
2,
2,
2,
2,
2,
2,
2,
2,
2,
2,
2,
2,
2,
2,
2,
2,
2,
2,
2,
2,
2,
2,
2,
2,
2,
2,
2,
2,
2,
2,
2,
2,
2,
2,
2,
2,
2,
2,
2,
2,
2,
2,
2,
2,
2,
2,
2,
2,
2,
2,
2,
2,
2,
2,
2,
2,
2,
2,
2,
2,
2,
2,
2,
2,
2,
2,
2,
2,
2,
2,
2,
2,
2,
2,
2,
2,
2,
2,
2,
2,
2,
2,
2,
2,
2,
2,
2,
2,
2,
2,
2,
2,
2,
2,
2,
2,
2,
2,
2,
2,
2,
2,
2,
2,
2,
2,
2,
2,
2,
2,
2,
2,
2,
2,
2,
2,
2,
2,
2,
2,
2,
2,
2,
2,
2,
2,
2,
2,
2,
2,
2,
2,
2,
2,
2,
2,
2,
2,
2,
2,
2,
2,
2,
2,
2,
2,
2,
2,
2,
2,
2,
2,
2,
2,
2,
2,
2,
2,
2,
2,
2,
2,
2,
2,
2,
2,
2,
2,
2,
2,
2,
2,
2,
2,
2,
2,
2,
2,
2,
2,
2,
2,
2,
2,
2,
2,
2,
2,
2,
2,
2,
2,
2,
2,
2,
2,
2,
2,
2,
2,
2,
2,
2,
2,
2,
2,
2,
2,
2,
2,
2,
2,
2,
2,
2,
2,
2,
2,
2,
2,
2,
2,
2,
2,
2,
2,
2,
2,
2,
2,
2,
2,
2,
2,
2,
2,
2,
2,
2,
2,
2,
2,
2,
2,
2,
2,
2,
2,
2,
2,
2,
2,
2,
2,
2,
2,
2,
2,
2,
2,
2,
2,
2,
2,
2,
2,
2,
2,
2,
2,
2,
2,
2,
2,
2,
2,
2,
2,
2,
2,
2,
2,
2,
2,
2,
2,
2,
2,
2,
2,
2,
2,
2,
2,
2,
2,
2,
2,
2,
2,
2,
2,
2,
2,
2,
2,
2,
2,
2,
2,
2,
2,
2,
2,
2,
2,
2,
2,
2,
2,
2,
2,
2,
2,
2,
2,
2,
2,
2,
2,
2,
2,
2,
2,
2,
2,
2,
2,
2,
2,
2,
2,
2,
2,
2,
2,
2,
2,
2,
2,
2,
2,
2,
2,
2,
2,
2,
2,
2,
2,
2,
2,
2,
2,
2,
2,
2,
2,
2,
2,
2,
2,
2,
2,
2,
2,
2,
2,
2,
2,
2,
2,
2,
2,
2,
2,
2,
2,
2,
2,
2,
2,
2,
2,
2,
2,
2,
2,
2,
2,
2,
2,
2,
2,
2,
2,
2,
2,
2,
2,
2,
2,
2,
2,
2,
2,
2,
2,
2,
2,
2,
2,
2,
2,
2,
2,
2,
2,
2,
2,
2,
2,
2,
2,
2,
2,
2,
2,
2,
2,
2,
2,
2,
2,
2,
2,
2,
2,
2,
2,
2,
2,
2,
2,
2,
2,
2,
2,
2,
2,
2,
2,
2,
2,
2,
2,
2,
2,
2,
2,
2,
2,
2,
2,
2,
2,
2,
2,
2,
2,
2,
2,
2,
2,
2,
2,
2,
2,
2,
2,
2,
2,
2,
2,
2,
2,
2,
2,
2,
2,
2,
2,
2,
2,
2,
2,
2,
2,
2,
2,
2,
2,
2,
2,
2,
2,
2,
2,
2,
2,
2,
2,
2,
2,
2,
2,
2,
2,
2,
2,
2,
2,
2,
2,
2,
2,
2,
2,
2,
2,
2,
2,
2,
2,
2,
2,
2,
2,
2,
2,
2,
2,
2,
2,
2,
2,
2,
2,
2,
2,
2,
2,
2,
2,
2,
2,
2,
2,
2,
2,
2,
2,
2,
2,
2,
2,
2,
2,
2,
2,
2,
2,
2,
2,
2,
2,
2,
2,
2,
2,
2,
2,
2,
2,
2,
2,
2,
2,
2,
2,
2,
2,
2,
2,
2,
2,
2,
2,
2,
2,
2,
2,
2,
2,
2,
2,
2,
2,
2,
2,
2,
2,
2,
2,
2,
2,
2,
2,
2,
2,
2,
2,
2,
2,
2,
2,
2,
2,
2,
2,
2,
2,
2,
2,
2,
2,
2,
2,
2,
2,
2,
2,
2,
2,
2,
2,
2,
2,
2,
2,
2,
2,
2,
2,
2,
2,
2,
2,
2,
2,
2,
2,
2,
2,
2,
2,
2,
2,
2,
2,
2,
2,
2,
2,
2,
2,
2,
2,
2,
2,
2,
2,
2,
2,
2,
2,
2,
2,
2,
2,
2,
2,
2,
2,
2,
2,
2,
2,
2,
2,
2,
2,
2,
2,
2,
2,
2,
2,
2,
2,
2,
2,
2,
2,
2,
2,
2,
2,
2,
2,
2,
2,
2,
2,
2,
2,
2,
2,
2,
2,
2,
2,
2,
2,
2,
2,
2,
2,
2,
2,
2,
2,
2,
2,
2,
2,
2,
2,
2,
2,
2,
2,
2,
2,
2,
2,
2,
2,
2,
2,
2,
2,
2,
2,
2,
2,
2,
2,
2,
2,
2,
2,
2,
2,
2,
2,
2,
2,
2,
2,
2,
2,
2,
2,
2,
2,
2,
2,
2,
2,
2,
2,
2,
2,
2,
2,
2,
2,
2,
2,
2,
2,
2,
2,
2,
2,
2,
2,
2,
2,
2,
2,
2,
2,
2,
2,
2,
2,
2,
2,
2,
2,
2,
2,
2,
2,
2,
2,
2,
2,
2,
2,
2,
2,
2,
2,
2,
2,
2,
2,
2,
2,
2,
2,
2,
2,
2,
2,
2,
2,
2,
2,
2,
2,
2,
2,
2,
2,
2,
2,
2,
2,
2,
2,
2,
2,
2,
2,
2,
2,
2,
2,
2,
2,
2,
2,
2,
2,
2,
2,
2,
2,
2,
2,
2,
2,
2,
2,
2,
2,
2,
2,
2,
2,
2,
2,
2,
2,
2,
2,
2,
2,
2,
2,
2,
2,
2,
2,
2,
2,
2,
2,
2,
2,
2,
2,
2,
2,
2,
2,
2,
2,
2,
2,
2,
2,
2,
2,
2,
2,
2,
2,
2,
2,
2,
2,
2,
2,
2,
2,
2,
2,
2,
2,
2,
2,
2,
2,
2,
2,
2,
2,
2,
2,
2,
2,
2,
2,
2,
2,
2,
2,
2,
2,
2,
2,
2,
2,
2,
2,
2,
2,
2,
2,
2,
2,
2,
2,
2,
2,
2,
2,
2,
2,
2,
2,
2,
2,
2,
2,
2,
2,
2,
2,
2,
2,
2,
2,
2,
2,
2,
2,
2,
2,
2,
2,
2,
2,
2,
2,
2,
2,
2,
2,
2,
2,
2,
2,
2,
2,
2,
2,
2,
2,
2,
2,
2,
2,
2,
2,
2,
2,
2,
2,
2,
2,
2,
2,
2,
2,
2,
2,
2,
2,
2,
2,
2,
2,
2,
2,
2,
2,
2,
2,
2,
2,
2,
2,
2,
2,
2,
2,
2,
2,
2,
2,
2,
2,
2,
2,
2,
2,
2,
2,
2,
2,
2,
2,
2,
2,
2,
2,
2,
2,
2,
2,
2,
2,
2,
2,
2,
2,
2,
2,
2,
2,
2,
2,
2,
2,
2,
2,
2,
2,
2,
2,
2,
2,
2,
2,
2,
2,
2,
2,
2,
2,
2,
2,
2,
2,
2,
2,
2,
2,
2,
2,
2,
2,
2,
2,
2,
2,
2,
2,
2,
2,
2,
2,
2,
2,
2,
2,
2,
2,
2,
2,
2,
2,
2,
2,
2,
2,
2,
2,
2,
2,
2,
2,
2,
2,
2,
2,
2,
2,
2,
2,
2,
2,
2,
2,
2,
2,
2,
2,
2,
2,
2,
2,
2,
2,
2,
2,
2,
2,
2,
2,
2,
2,
2,
2,
2,
2,
2,
2,
2,
2,
2,
2,
2,
2,
2,
2,
2,
2,
2,
2,
2,
2,
2,
2,
2,
2,
2,
2,
2,
2,
2,
2,
2,
2,
2,
2,
2,
2,
2,
2,
2,
2,
2,
2,
2,
2,
2,
2,
2,
2,
2,
2,
2,
2,
2,
2,
2,
2,
2,
2,
2,
2,
2,
2,
2,
2,
2,
2,
2,
2,
2,
2,
2,
2,
2,
2,
2,
2,
2,
2,
2,
2,
2,
2,
2,
2,
2,
2,
2,
2,
2,
2,
2,
2,
2,
2,
2,
2,
2,
2,
2,
2,
2,
2,
2,
2,
2,
2,
2,
2,
2,
2,
2,
2,
2,
2,
2,
2,
2,
2,
2,
2,
2,
2,
2,
2,
2,
2,
2,
2,
2,
2,
2,
2,
2,
2,
2,
2,
2,
2,
2,
2,
2,
2,
2,
2,
2,
2,
2,
2,
2,
2,
2,
2,
2,
2,
2,
2,
2,
2,
2,
2,
2,
2,
2,
2,
2,
2,
2,
2,
2,
2,
2,
2,
2,
2,
2,
2,
2,
2,
2,
2,
2,
2,
2,
2,
2,
2,
2,
2,
2,
2,
2,
2,
2,
2,
2,
2,
2,
2,
2,
2,
2,
2,
2,
2,
2,
2,
2,
2,
2,
2,
2,
2,
2,
2,
2,
2,
2,
2,
2,
2,
2,
2,
2,
2,
2,
2,
2,
2,
2,
2,
2,
2,
2,
2,
2,
2,
2,
2,
2,
2,
2,
2,
2,
2,
2,
2,
2,
2,
2,
2,
2,
2,
2,
2,
2,
2,
2,
2,
2,
2,
2,
2,
2,
2,
2,
2,
2,
2,
2,
2,
2,
2,
2,
2,
2,
2,
2,
2,
2,
2,
2,
2,
2,
2,
2,
2,
2,
2,
2,
2,
2,
2,
2,
2,
2,
2,
2,
2,
2,
2,
2,
2,
2,
2,
2,
2,
2,
2,
2,
2,
2,
2,
2,
2,
2,
2,
2,
2,
2,
2,
2,
2,
2,
2,
2,
2,
2,
2,
2,
2,
2,
2,
2,
2,
2,
2,
2,
2,
2,
2,
2,
2,
2,
2,
2,
2,
2,
2,
2,
2,
2,
2,
2,
2,
2,
2,
2,
2,
2,
2,
2,
2,
2,
2,
2,
2,
2,
2,
2,
2,
2,
2,
2,
2,
2,
2,
2,
2,
2,
2,
2,
2,
2,
2,
2,
2,
2,
2,
2,
2,
2,
2,
2,
2,
2,
2,
2,
2,
2,
2,
2,
2,
2,
2,
2,
2,
2,
2,
2,
2,
2,
2,
2,
2,
2,
2,
2,
2,
2,
2,
2,
2,
2,
2,
2,
2,
2,
2,
2,
2,
2,
2,
2,
2,
2,
2,
2,
2,
2,
2,
2,
2,
2,
2,
2,
2,
2,
2,
2,
2,
2,
2,
2,
2,
2,
2,
2,
2,
2,
2,
2,
2,
2,
2,
2,
2,
2,
2,
2,
2,
2,
2,
2,
2,
2,
2,
2,
2,
2,
2,
2,
2,
2,
2,
2,
2,
2,
2,
2,
2,
2,
2,
2,
2,
2,
2,
2,
2,
2,
2,
2,
2,
2,
2,
2,
2,
2,
2,
2,
2,
2,
2,
2,
2,
2,
2,
2,
2,
2,
2,
2,
2,
2,
2,
2,
2,
2,
2,
2,
2,
2,
2,
2,
2,
2,
2,
2,
2,
2,
2,
2,
2,
2,
2,
2,
2,
2,
2,
2,
2,
2,
2,
2,
2,
2,
2,
2,
2,
2,
2,
2,
2,
2,
2,
2,
2,
2,
2,
2,
2,
2,
2,
2,
2,
2,
2,
2,
2,
2,
2,
2,
2,
2,
2,
2,
2,
2,
2,
2,
2,
2,
2,
2,
2,
2,
2,
2,
2,
2,
2,
2,
2,
2,
2,
2,
2,
2,
2,
2,
2,
2,
2,
2,
2,
2,
2,
2,
2,
2,
2,
2,
2,
2,
2,
2,
2,
2,
2,
2,
2,
2,
1,
1,
1,
1,
1,
1,
1,
1,
1,
1,
1,
1,
1,
6952618,
980,
871,
871,
871,
807,
696,
604,
521,
451,
394,
338,
296,
254,
222,
191,
170,
157,
157,
157,
157,
149,
135,
121,
101,
93,
79,
72,
58,
51,
45,
43,
37,
37,
37,
37,
37,
37,
37,
37,
37,
37,
37,
37,
37,
37,
37,
37,
37,
37,
37,
37,
37,
37,
37,
37,
37,
37,
37,
37,
37,
37,
37,
37,
37,
37,
37,
37,
37,
37,
37,
37,
37,
37,
37,
37,
37,
37,
37,
37,
37,
37,
37,
37,
37,
37,
37,
37,
37,
36,
30,
29,
23,
17,
16,
15,
9,
9,
9,
3,
2,
2,
2,
2,
2,
2,
1,
1,
2625,
2380,
2255,
2072,
1812,
1578,
1443,
1435,
1337,
1156,
1002,
868,
756,
707,
637,
581,
581,
581,
581,
518,
448,
392,
336,
294,
253,
223,
189,
163,
146,
126,
105,
91,
83,
70,
57,
50,
42,
36,
35,
28,
22,
21,
17,
14,
14,
13,
7,
7,
7,
7,
1,
1,
1,
2735,
2609,
2260,
2021,
1895,
1801,
1560,
1355,
1181,
1104,
1055,
1055,
956,
831,
719,
628,
544,
468,
411,
362,
362,
356,
314,
278,
242,
237,
237,
237,
237,
237,
237,
237,
237,
230,
202,
174,
152,
132,
117,
97,
88,
75,
67,
54,
47,
40,
34,
32,
26,
20,
19,
16,
12,
12,
12,
6,
5,
5,
5,
5,
5,
1,
2614,
2439,
2341,
2174,
2174,
2047,
1991,
1767,
1767,
1767,
1636,
1599,
1390,
1207,
1053,
922,
864,
800,
800,
800,
710,
619,
535,
472,
409,
353,
305,
269,
233,
199,
171,
150,
129,
108,
94,
94,
94,
94,
94,
94,
94,
94,
87,
80,
73,
66,
59,
52,
45,
39,
38,
31,
31,
24,
24,
24,
18,
17,
17,
17,
11,
11,
10,
10,
10,
10,
10,
10,
10,
9,
4,
4,
4,
4,
4,
3,
3,
3,
3,
3,
3,
3,
3,
3,
3,
3,
3,
3,
3,
3,
3,
3,
3,
3,
3,
3,
3,
2,
2,
2,
0,
2871,
2494,
2235,
2125,
1915,
1664,
1446,
1298,
1244,
1229,
1075,
929,
809,
697,
606,
529,
529,
467,
410,
409,
409,
409,
409,
407,
354,
311,
264,
234,
200,
172,
151,
130,
115,
95,
82,
74,
60,
53,
46,
39,
33,
32,
25,
24,
18,
18,
11,
11,
11,
10,
5,
4,
4,
4,
4,
4,
2,
15,
15,
9,
8,
8,
8,
7,
2,
1,
1,
1,
1,
1,
1,
1,
1,
1,
0,
1125,
1061,
998,
935,
935,
887,
774,
670,
592,
509,
445,
382,
332,
284,
248,
235,
235,
235,
221,
193,
169,
145,
130,
110,
110,
110,
110,
110,
110,
110,
110,
110,
110,
110,
110,
110,
110,
110,
110,
110,
110,
110,
109,
101,
87,
74,
60,
53,
46,
39,
32,
26,
25,
18,
18,
12,
11,
11,
8,
5,
4,
4,
4,
4,
3,
0,
438,
409,
355,
311,
269,
233,
199,
171,
150,
129,
114,
94,
81,
73,
59,
52,
45,
38,
31,
27,
24,
23,
17,
17,
14,
10,
10,
10,
4,
3,
3,
3,
3,
3,
2,
0,
474,
474,
467,
411,
355,
349,
349,
349,
349,
349,
348,
306,
264,
229,
200,
173,
145,
131,
110,
96,
82,
69,
61,
54,
46,
40,
33,
26,
25,
19,
18,
12,
12,
11,
5,
5,
5,
5,
4,
0,
601,
523,
454,
419,
384,
384,
384,
349,
307,
265,
264,
264,
264,
264,
264,
264,
264,
258,
223,
195,
168,
146,
125,
111,
97,
83,
69,
62,
55,
47,
40,
34,
27,
21,
20,
14,
13,
13,
7,
6,
6,
6,
1,
38,
32,
25,
25,
18,
18,
11,
11,
11,
5,
4,
4,
4,
4,
4,
0,
2608,
2482,
2335,
2027,
1754,
1614,
1614,
1432,
1241,
1075,
929,
879,
767,
760,
760,
739,
640,
550,
480,
416,
361,
312,
270,
235,
200,
173,
151,
130,
114,
95,
82,
74,
61,
53,
53,
53,
53,
53,
53,
53,
53,
53,
53,
53,
53,
53,
53,
53,
52,
46,
40,
39,
37,
32,
31,
25,
25,
25,
19,
18,
18,
18,
12,
12,
11,
11,
11,
11,
11,
10,
7,
5,
5,
4,
4,
4,
4,
4,
4,
4,
4,
4,
4,
4,
3,
3,
0,
43,
36,
36,
29,
29,
23,
22,
21,
15,
15,
15,
14,
9,
8,
8,
8,
8,
8,
8,
8,
7,
2,
2,
2,
2,
2,
2,
2,
2,
2,
2,
2,
2,
1,
1,
1,
1,
1,
1,
1,
1,
1,
1,
1,
1,
1,
1,
1,
1,
1,
1,
1,
1,
1,
1,
1,
1,
1,
1,
1,
1,
1,
1,
1,
1,
1,
1,
1,
1,
1,
1,
1,
1,
1,
1,
1,
1,
1,
1,
1,
1,
1,
1,
1,
1,
1,
1,
1,
1,
1,
1,
1,
1,
1,
1,
1,
1,
1,
1,
1,
1,
1,
1,
1,
1,
1,
1,
1,
1,
1,
1,
1,
1,
1,
1,
1,
1,
1,
1,
1,
1,
1,
1,
1,
1,
1,
1,
1,
1,
1,
1,
1,
1,
1,
1,
1,
1,
1,
1,
1,
1,
1,
1,
1,
1,
1,
1,
1,
1,
1,
1,
1,
1,
1,
1,
1,
1,
1,
1,
1,
1,
1,
1,
1,
1,
1,
1,
1,
1,
1,
1,
1,
1,
1,
1,
1,
1,
1,
1,
1,
1,
1,
1,
1,
1,
1,
1,
1,
1,
1,
1,
1,
1,
1,
1,
1,
1,
1,
1,
1,
1,
1,
1,
1,
1,
1,
1,
1,
1,
1,
1,
1,
1,
1,
1,
1,
1,
1,
1,
1,
1,
1,
1,
1,
1,
1,
1,
1,
1,
1,
1,
1,
1,
1,
1,
1,
1,
1,
1,
1,
1,
1,
1,
1,
1,
1,
1,
1,
1,
1,
1,
1,
1,
1,
1,
1,
1,
1,
1,
1,
1,
1,
1,
1,
1,
1,
1,
1,
1,
1,
1,
1,
1,
1,
1,
1,
1,
1,
1,
1,
1,
1,
1,
1,
1,
1,
1,
1,
1,
1,
1,
1,
1,
1,
1,
1,
1,
1,
1,
1,
1,
1,
1,
1,
1,
1,
1,
1,
1,
1,
1,
1,
1,
1,
1,
1,
1,
1,
1,
1,
1,
1,
1,
1,
1,
1,
1,
1,
1,
1,
1,
1,
1,
1,
1,
1,
1,
1,
1,
1,
1,
1,
1,
1,
1,
1,
1,
1,
1,
1,
1,
1,
1,
1,
1,
1,
1,
1,
1,
1,
1,
1,
1,
1,
1,
1,
1,
1,
1,
1,
1,
1,
1,
1,
1,
1,
1,
1,
1,
1,
1,
1,
1,
1,
1,
1,
1,
1,
1,
1,
1,
1,
1,
1,
1,
1,
1,
1,
1,
1,
1,
1,
1,
1,
1,
1,
1,
1,
1,
1,
1,
1,
1,
1,
1,
1,
1,
1,
1,
1,
1,
1,
1,
1,
1,
1,
1,
1,
1,
1,
1,
1,
1,
1,
1,
1,
1,
1,
1,
1,
1,
1,
1,
1,
1,
1,
1,
1,
1,
1,
1,
1,
1,
1,
1,
1,
1,
1,
1,
1,
1,
1,
1,
1,
1,
1,
1,
1,
1,
1,
1,
1,
1,
1,
1,
1,
1,
1,
1,
1,
1,
1,
1,
1,
1,
1,
1,
1,
1,
1,
1,
1,
1,
1,
1,
1,
1,
1,
1,
1,
1,
1,
1,
1,
1,
1,
1,
1,
1,
1,
1,
1,
1,
1,
1,
1,
1,
1,
1,
1,
1,
1,
1,
1,
1,
1,
1,
1,
1,
1,
1,
1,
1,
1,
1,
1,
1,
1,
1,
1,
1,
1,
1,
1,
1,
1,
1,
1,
1,
1,
1,
1,
1,
1,
1,
1,
1,
1,
1,
1,
1,
1,
1,
1,
1,
1,
1,
1,
1,
1,
1,
1,
1,
1,
1,
1,
1,
1,
1,
1,
1,
1,
1,
1,
1,
1,
1,
1,
1,
1,
1,
1,
1,
1,
1,
1,
1,
1,
1,
1,
1,
1,
1,
1,
1,
1,
1,
1,
1,
1,
1,
1,
1,
1,
1,
1,
1,
1,
1,
1,
1,
1,
1,
1,
1,
1,
1,
1,
1,
1,
1,
1,
1,
1,
1,
1,
1,
1,
1,
1,
1,
1,
1,
1,
1,
1,
1,
1,
1,
1,
1,
1,
1,
1,
1,
1,
1,
1,
1,
1,
1,
1,
1,
1,
1,
1,
1,
1,
1,
1,
1,
1,
1,
1,
1,
1,
1,
1,
1,
1,
1,
1,
1,
1,
1,
1,
1,
1,
1,
1,
1,
1,
1,
1,
1,
1,
1,
1,
1,
1,
1,
1,
1,
1,
1,
1,
1,
1,
1,
1,
1,
1,
1,
1,
1,
1,
1,
1,
1,
1,
1,
1,
1,
1,
1,
1,
1,
1,
1,
1,
1,
1,
1,
1,
1,
1,
1,
1,
1,
1,
1,
1,
1,
1,
1,
1,
1,
1,
1,
1,
1,
1,
1,
1,
1,
1,
1,
1,
1,
1,
1,
1,
1,
1,
1,
1,
1,
1,
1,
1,
1,
1,
1,
1,
1,
1,
1,
1,
1,
1,
1,
1,
1,
1,
1,
1,
1,
1,
1,
1,
1,
1,
1,
1,
1,
1,
1,
1,
1,
1,
1,
1,
1,
1,
1,
1,
1,
1,
1,
1,
1,
1,
1,
1,
1,
1,
1,
1,
1,
1,
1,
1,
1,
1,
1,
1,
1,
1,
1,
1,
1,
1,
1,
1,
1,
1,
1,
1,
1,
1,
1,
1,
1,
1,
1,
1,
1,
1,
1,
1,
1,
1,
1,
1,
1,
1,
1,
1,
1,
1,
1,
1,
1,
1,
1,
1,
1,
1,
1,
1,
1,
1,
1,
1,
1,
1,
1,
1,
1,
1,
1,
1,
1,
1,
1,
1,
1,
1,
1,
1,
1,
1,
1,
1,
1,
1,
1,
1,
1,
1,
1,
1,
1,
1,
1,
1,
1,
1,
1,
1,
1,
1,
1,
1,
1,
1,
1,
1,
1,
1,
1,
1,
1,
1,
1,
1,
1,
1,
1,
1,
1,
1,
1,
1,
1,
1,
1,
1,
1,
1,
1,
1,
1,
1,
1,
1,
1,
1,
1,
1,
1,
1,
1,
1,
1,
1,
1,
1,
1,
1,
1,
1,
1,
1,
1,
1,
1,
1,
1,
1,
1,
1,
1,
1,
1,
1,
1,
1,
1,
1,
1,
1,
1,
1,
1,
1,
1,
1,
1,
1,
1,
1,
1,
1,
1,
1,
1,
1,
1,
1,
1,
1,
1,
1,
1,
1,
1,
1,
1,
1,
1,
1,
1,
1,
1,
1,
1,
1,
1,
1,
1,
1,
1,
1,
1,
1,
1,
1,
1,
1,
1,
1,
1,
1,
1,
1,
1,
1,
1,
1,
1,
1,
1,
1,
1,
1,
1,
1,
1,
1,
1,
1,
1,
1,
1,
1,
1,
1,
1,
1,
1,
1,
1,
1,
1,
1,
1,
1,
1,
1,
1,
1,
1,
1,
1,
1,
1,
1,
1,
1,
1,
1,
1,
1,
1,
1,
1,
1,
1,
1,
1,
1,
1,
1,
1,
1,
1,
1,
1,
1,
1,
1,
1,
1,
1,
1,
1,
1,
1,
1,
1,
1,
1,
1,
1,
1,
1,
1,
1,
1,
1,
1,
1,
1,
1,
1,
1,
1,
1,
1,
1,
1,
1,
1,
1,
1,
1,
1,
1,
1,
1,
1,
1,
1,
1,
1,
1,
1,
1,
1,
1,
1,
1,
1,
1,
1,
1,
1,
1,
1,
1,
1,
1,
1,
1,
1,
1,
1,
1,
1,
1,
1,
1,
1,
1,
1,
1,
1,
1,
1,
1,
1,
1,
1,
1,
1,
1,
1,
1,
1,
1,
1,
1,
1,
1,
1,
1,
1,
1,
1,
1,
1,
1,
1,
1,
1,
1,
1,
1,
1,
1,
1,
1,
1,
1,
1,
1,
1,
1,
1,
1,
1,
1,
1,
1,
1,
1,
1,
1,
1,
1,
1,
1,
1,
1,
1,
1,
1,
1,
1,
1,
1,
1,
1,
1,
1,
1,
1,
1,
1,
1,
1,
1,
1,
1,
1,
1,
1,
1,
1,
1,
1,
1,
1,
1,
1,
1,
1,
1,
1,
1,
1,
1,
1,
1,
1,
1,
1,
1,
1,
1,
1,
1,
1,
1,
1,
1,
1,
1,
1,
1,
1,
1,
1,
1,
1,
1,
1,
1,
1,
1,
1,
1,
1,
1,
1,
1,
1,
1,
1,
1,
1,
1,
1,
1,
1,
1,
1,
1,
1,
1,
1,
1,
1,
1,
1,
1,
1,
1,
1,
1,
1,
1,
1,
1,
1,
1,
1,
1,
1,
1,
1,
1,
1,
1,
1,
1,
1,
1,
1,
1,
1,
1,
1,
1,
1,
1,
1,
1,
1,
1,
1,
1,
1,
1,
1,
1,
1,
1,
1,
1,
1,
1,
1,
1,
1,
1,
1,
1,
1,
1,
1,
1,
1,
1,
1,
1,
1,
1,
1,
1,
1,
1,
1,
1,
1,
1,
1,
1,
1,
1,
1,
1,
1,
1,
1,
1,
1,
1,
1,
1,
1,
1,
1,
1,
1,
1,
1,
1,
1,
1,
1,
1,
1,
1,
1,
1,
1,
1,
1,
1,
1,
1,
1,
1,
1,
1,
1,
1,
1,
1,
1,
1,
1,
1,
1,
1,
1,
1,
1,
1,
1,
1,
1,
1,
1,
1,
1,
1,
1,
1,
1,
1,
1,
1,
1,
1,
1,
1,
1,
1,
1,
1,
1,
1,
1,
1,
1,
1,
1,
1,
1,
1,
1,
1,
1,
1,
1,
1,
1,
1,
1,
1,
1,
1,
1,
1,
1,
1,
1,
1,
1,
1,
1,
1,
1,
1,
1,
1,
1,
1,
1,
1,
1,
1,
1,
1,
1,
1,
1,
1,
1,
1,
1,
1,
1,
1,
1,
1,
1,
1,
1,
1,
1,
1,
1,
1,
1,
1,
1,
1,
1,
1,
1,
1,
1,
1,
1,
1,
1,
1,
1,
1,
1,
1,
1,
1,
1,
1,
1,
1,
1,
1,
1,
1,
1,
1,
1,
1,
1,
1,
1,
1,
1,
1,
1,
1,
1,
1,
1,
1,
1,
1,
1,
1,
1,
1,
1,
1,
1,
1,
1,
1,
1,
1,
1,
1,
1,
1,
1,
1,
1,
1,
1,
1,
1,
1,
1,
1,
1,
1,
1,
1,
1,
1,
1,
1,
1,
1,
1,
1,
1,
1,
1,
1,
1,
1,
1,
1,
1,
1,
1,
1,
1,
1,
1,
1,
1,
1,
1,
1,
1,
1,
1,
1,
1,
1,
1,
1,
1,
1,
1,
1,
1,
1,
1,
1,
1,
1,
1,
1,
1,
1,
1,
1,
1,
1,
1,
1,
1,
1,
1,
1,
1,
1,
1,
1,
1,
1,
1,
1,
1,
1,
1,
1,
1,
1,
1,
1,
1,
1,
1,
1,
1,
1,
1,
1,
1,
1,
1,
1,
1,
1,
1,
1,
1,
1,
1,
1,
1,
1,
1,
1,
1,
1,
1,
1,
1,
1,
1,
1,
1,
1,
1,
1,
1,
1,
1,
1,
1,
1,
1,
1,
1,
1,
1,
1,
1,
1,
1,
1,
1,
1,
1,
1,
1,
1,
1,
1,
1,
1,
1,
1,
1,
1,
1,
1,
1,
1,
1,
1,
1,
1,
1,
1,
1,
1,
1,
1,
1,
1,
1,
1,
1,
1,
1,
1,
1,
1,
1,
1,
1,
1,
1,
1,
1,
1,
1,
1,
1,
1,
1,
1,
1,
1,
1,
1,
1,
1,
1,
1,
1,
1,
1,
1,
1,
1,
1,
1,
1,
1,
1,
1,
1,
1,
1,
1,
1,
1,
1,
1,
1,
1,
1,
1,
1,
1,
1,
1,
1,
1,
1,
1,
1,
1,
1,
1,
1,
1,
1,
1,
1,
1,
1,
1,
1,
1,
1,
1,
1,
1,
1,
1,
1,
1,
1,
1,
1,
1,
1,
1,
1,
1,
1,
1,
1,
1,
1,
1,
1,
1,
1,
1,
1,
1,
1,
1,
1,
1,
1,
1,
1,
1,
1,
1,
1,
1,
1,
1,
1,
1,
1,
1,
1,
1,
1,
1,
1,
1,
1,
1,
1,
1,
1,
1,
1,
1,
1,
1,
1,
1,
1,
1,
1,
1,
1,
1,
1,
1,
1,
1,
1,
1,
1,
1,
1,
1,
1,
1,
1,
1,
1,
1,
1,
1,
1,
1,
1,
1,
1,
1,
1,
1,
1,
1,
1,
1,
1,
1,
1,
1,
1,
1,
1,
1,
1,
1,
1,
1,
1,
1,
1,
1,
1,
1,
1,
1,
1,
1,
1,
1,
1,
1,
1,
1,
1,
1,
1,
1,
1,
1,
1,
1,
1,
1,
1,
1,
1,
1,
1,
1,
1,
1,
1,
1,
1,
1,
1,
1,
1,
1,
1,
1,
1,
1,
1,
1,
1,
1,
1,
1,
1,
1,
1,
1,
1,
1,
1,
1,
1,
1,
1,
1,
1,
1,
1,
1,
1,
1,
1,
1,
1,
1,
1,
1,
1,
1,
1,
1,
1,
1,
1,
1,
1,
1,
1,
1,
1,
1,
1,
1,
1,
1,
1,
1,
1,
1,
1,
1,
1,
1,
1,
1,
1,
1,
1,
1,
1,
1,
1,
1,
1,
1,
1,
1,
1,
1,
1,
1,
1,
1,
1,
1,
1,
1,
1,
1,
1,
1,
1,
1,
1,
1,
1,
1,
1,
1,
1,
1,
1,
1,
1,
1,
1,
1,
1,
1,
1,
1,
1,
1,
1,
1,
1,
1,
1,
1,
1,
1,
1,
1,
1,
1,
1,
1,
1,
1,
1,
1,
1,
1,
1,
1,
1,
1,
1,
1,
1,
1,
1,
1,
1,
1,
1,
1,
1,
1,
1,
1,
1,
1,
1,
1,
1,
1,
1,
1,
1,
1,
1,
1,
1,
1,
1,
1,
1,
1,
1,
1,
1,
1,
1,
1,
1,
1,
1,
1,
1,
1,
1,
1,
1,
1,
1,
1,
1,
1,
1,
1,
1,
1,
1,
1,
1,
1,
1,
1,
1,
1,
1,
1,
1,
1,
1,
1,
1,
1,
1,
1,
1,
1,
1,
1,
1,
1,
1,
1,
1,
1,
1,
1,
1,
1,
1,
1,
1,
1,
1,
1,
1,
1,
1,
1,
1,
1,
1,
1,
1,
1,
1,
1,
1,
1,
1,
1,
1,
1,
1,
1,
1,
1,
1,
1,
1,
1,
1,
1,
1,
1,
1,
1,
1,
1,
1,
1,
1,
1,
1,
1,
1,
1,
1,
1,
1,
1,
1,
1,
1,
1,
1,
1,
1,
1,
1,
1,
1,
1,
1,
1,
1,
1,
1,
1,
1,
1,
1,
1,
1,
1,
1,
1,
1,
1,
1,
1,
1,
1,
1,
1,
1,
1,
1,
1,
1,
1,
1,
1,
1,
1,
1,
1,
1,
1,
1,
1,
1,
1,
1,
1,
1,
1,
1,
1,
1,
1,
1,
1,
1,
1,
1,
1,
1,
1,
1,
1,
1,
1,
1,
1,
1,
1,
1,
1,
1,
1,
1,
1,
1,
1,
1,
1,
1,
1,
1,
1,
1,
1,
1,
1,
1,
1,
1,
1,
1,
1,
1,
1,
1,
1,
1,
1,
1,
1,
1,
1,
1,
1,
1,
1,
1,
1,
1,
1,
1,
1,
1,
1,
1,
1,
1,
1,
1,
1,
1,
1,
1,
1,
1,
1,
1,
1,
1,
1,
1,
1,
1,
1,
1,
1,
1,
1,
1,
1,
1,
1,
1,
1,
1,
1,
1,
1,
1,
1,
1,
1,
1,
1,
1,
1,
1,
1,
1,
1,
1,
1,
1,
1,
1,
1,
1,
1,
1,
1,
1,
1,
1,
1,
1,
1,
1,
1,
1,
1,
1,
1,
1,
1,
1,
1,
1,
1,
1,
1,
1,
1,
1,
1,
1,
1,
1,
1,
1,
1,
1,
1,
1,
1,
1,
1,
1,
1,
1,
1,
1,
1,
1,
1,
1,
1,
1,
1,
1,
1,
1,
1,
1,
1,
1,
1,
1,
1,
1,
1,
1,
1,
1,
1,
1,
1,
1,
1,
1,
1,
1,
1,
1,
1,
1,
1,
1,
1,
1,
1,
1,
1,
1,
1,
1,
1,
1,
1,
1,
1,
1,
1,
1,
1,
1,
1,
1,
1,
1,
1,
1,
1,
1,
1,
1,
1,
1,
1,
1,
1,
1,
1,
1,
1,
1,
1,
1,
1,
1,
1,
1,
1,
1,
1,
1,
1,
1,
1,
1,
1,
1,
1,
1,
1,
1,
1,
1,
1,
1,
1,
1,
1,
1,
1,
1,
1,
1,
1,
1,
1,
1,
1,
1,
1,
1,
1,
1,
1,
1,
1,
1,
1,
1,
1,
1,
1,
1,
1,
1,
1,
1,
1,
1,
1,
1,
1,
1,
1,
1,
1,
1,
1,
1,
1,
1,
1,
1,
1,
1,
1,
1,
1,
1,
1,
1,
1,
1,
1,
1,
1,
1,
1,
1,
1,
1,
1,
1,
1,
1,
1,
1,
1,
1,
1,
1,
1,
1,
1,
1,
1,
1,
1,
1,
1,
1,
1,
1,
1,
1,
1,
1,
1,
1,
1,
1,
1,
1,
1,
1,
1,
1,
1,
1,
1,
1,
1,
1,
1,
1,
1,
1,
1,
1,
1,
1,
1,
1,
1,
1,
1,
1,
1,
1,
1,
1,
1,
1,
1,
1,
1,
1,
1,
1,
1,
1,
1,
1,
1,
1,
1,
1,
1,
1,
1,
1,
1,
1,
1,
1,
1,
1,
1,
1,
1,
1,
1,
1,
1,
1,
1,
1,
1,
1,
1,
1,
1,
1,
1,
1,
1,
1,
1,
1,
1,
1,
1,
1,
1,
1,
1,
1,
1,
1,
1,
1,
1,
1,
1,
1,
1,
1,
1,
1,
1,
1,
1,
1,
1,
1,
1,
1,
1,
1,
1,
1,
1,
1,
1,
1,
1,
1,
1,
1,
1,
1,
1,
1,
1,
1,
1,
1,
1,
1,
1,
1,
1,
1,
1,
1,
1,
1,
1,
1,
1,
1,
1,
1,
1,
0,
219646,
2322,
2055,
1950,
1915,
1711,
1487,
1328,
1321,
1208,
1208,
1103,
956,
830,
718,
620,
537,
466,
403,
353,
305,
277,
277,
277,
277,
277,
277,
277,
277,
249,
215,
192,
165,
144,
123,
109,
89,
80,
67,
60,
47,
43,
38,
32,
25,
19,
18,
17,
11,
11,
11,
5,
4,
4,
4,
4,
4,
3,
0,
2620,
2354,
2229,
1934,
1675,
1451,
1423,
1340,
1164,
1010,
877,
759,
689,
638,
563,
563,
563,
563,
529,
458,
401,
345,
297,
261,
224,
191,
164,
142,
123,
107,
93,
79,
65,
58,
51,
44,
37,
30,
24,
23,
16,
16,
10,
9,
9,
8,
3,
2,
2,
2,
2,
2,
1,
0,
2737,
2639,
2288,
1988,
1856,
1792,
1553,
1344,
1167,
1099,
1015,
1015,
959,
826,
721,
623,
539,
469,
406,
350,
315,
315,
315,
281,
251,
217,
189,
189,
189,
189,
189,
189,
189,
189,
189,
189,
189,
189,
161,
140,
126,
106,
92,
84,
70,
63,
56,
49,
42,
35,
29,
28,
21,
21,
14,
14,
13,
7,
7,
7,
7,
6,
1,
1,
0,
2637,
2364,
2321,
2014,
1754,
1621,
1545,
1475,
1279,
1110,
958,
834,
796,
697,
697,
697,
685,
601,
601,
601,
601,
601,
601,
601,
601,
601,
593,
517,
481,
481,
481,
481,
473,
411,
355,
312,
268,
235,
201,
179,
152,
131,
117,
97,
89,
75,
62,
54,
47,
40,
34,
33,
26,
26,
26,
26,
26,
26,
26,
26,
26,
26,
26,
26,
26,
26,
26,
26,
26,
26,
26,
26,
26,
26,
26,
26,
26,
26,
26,
26,
26,
26,
26,
26,
26,
26,
26,
26,
26,
26,
26,
26,
26,
26,
26,
26,
26,
26,
26,
26,
26,
26,
26,
26,
26,
26,
26,
26,
26,
26,
26,
26,
26,
26,
26,
26,
26,
26,
26,
26,
26,
26,
26,
26,
26,
26,
26,
26,
26,
26,
26,
26,
26,
26,
26,
26,
26,
26,
26,
26,
26,
26,
26,
26,
26,
26,
26,
26,
26,
26,
26,
26,
26,
26,
26,
26,
26,
26,
26,
26,
26,
20,
19,
19,
15,
12,
12,
12,
12,
11,
6,
6,
6,
6,
5,
5,
5,
5,
5,
5,
5,
5,
5,
5,
5,
5,
5,
5,
5,
4,
1,
0,
2894,
2523,
2285,
2159,
2019,
1760,
1536,
1437,
1362,
1340,
1165,
1012,
878,
766,
662,
641,
563,
515,
515,
515,
515,
493,
424,
367,
318,
276,
241,
212,
184,
157,
136,
122,
102,
93,
80,
66,
59,
52,
44,
38,
31,
25,
24,
18,
17,
17,
11,
10,
10,
9,
4,
3,
3,
3,
3,
3,
3,
2,
0,
2731,
2640,
2297,
2010,
1884,
1842,
1598,
1388,
1205,
1142,
1058,
1058,
988,
855,
743,
642,
554,
484,
420,
361,
361,
361,
323,
281,
246,
233,
233,
233,
233,
233,
233,
233,
233,
233,
205,
177,
155,
134,
118,
99,
86,
78,
64,
57,
50,
43,
36,
29,
24,
22,
22,
15,
15,
14,
8,
8,
8,
8,
2,
1,
1,
1,
1,
1,
1,
1,
1,
1,
0,
2610,
2436,
2351,
2037,
1768,
1596,
1574,
1450,
1259,
1091,
994,
994,
902,
867,
867,
825,
714,
622,
538,
467,
405,
349,
300,
259,
224,
195,
170,
147,
126,
111,
97,
83,
73,
62,
55,
48,
42,
41,
34,
34,
27,
27,
20,
20,
19,
14,
13,
13,
13,
13,
13,
12,
9,
7,
7,
7,
6,
6,
6,
6,
6,
6,
6,
6,
6,
6,
6,
6,
6,
6,
6,
5,
5,
0,
2875,
2495,
2160,
2021,
1873,
1622,
1405,
1222,
1095,
1095,
1046,
901,
781,
676,
585,
508,
438,
381,
327,
284,
249,
214,
186,
165,
158,
158,
158,
158,
158,
158,
158,
158,
158,
158,
158,
158,
158,
144,
124,
109,
95,
81,
67,
60,
53,
45,
39,
32,
25,
24,
18,
17,
11,
11,
10,
5,
4,
4,
4,
4,
3,
0,
2613,
2263,
2228,
1955,
1703,
1493,
1367,
1367,
1247,
1087,
947,
828,
723,
681,
622,
556,
556,
556,
556,
520,
457,
394,
345,
303,
261,
227,
199,
177,
153,
134,
114,
100,
86,
77,
65,
58,
51,
44,
37,
30,
30,
26,
23,
17,
16,
15,
9,
9,
9,
3,
3,
2,
2,
2,
2,
2,
2,
2,
2,
2,
1,
1,
0,
2807,
2674,
2338,
2101,
1988,
1848,
1611,
1407,
1289,
1169,
1169,
1099,
959,
833,
728,
637,
557,
489,
483,
441,
391,
364,
364,
364,
364,
364,
364,
329,
287,
252,
217,
195,
168,
147,
127,
127,
127,
127,
127,
127,
127,
127,
127,
127,
127,
127,
127,
127,
127,
127,
127,
127,
127,
127,
127,
127,
127,
127,
127,
127,
127,
127,
127,
127,
127,
127,
127,
127,
125,
112,
98,
85,
77,
70,
61,
56,
49,
42,
36,
35,
29,
28,
28,
27,
27,
27,
27,
27,
27,
27,
27,
27,
27,
27,
27,
27,
27,
27,
27,
27,
27,
27,
27,
27,
27,
27,
27,
27,
27,
27,
27,
27,
27,
27,
27,
27,
27,
27,
27,
27,
27,
27,
27,
27,
27,
27,
27,
27,
27,
27,
27,
27,
27,
27,
27,
27,
27,
27,
27,
27,
27,
27,
27,
27,
27,
27,
27,
27,
27,
27,
27,
27,
27,
27,
27,
27,
27,
27,
27,
27,
27,
27,
27,
25,
21,
21,
17,
14,
14,
13,
7,
7,
7,
7,
1,
1,
0,
2742,
2742,
2623,
2371,
2070,
1864,
1818,
1651,
1440,
1251,
1132,
1035,
1006,
1006,
915,
796,
691,
607,
530,
460,
403,
348,
318,
318,
306,
264,
236,
201,
200,
200,
200,
200,
200,
200,
200,
200,
200,
200,
192,
166,
145,
124,
110,
96,
82,
68,
61,
53,
46,
40,
33,
26,
26,
19,
18,
12,
12,
11,
5,
5,
5,
5,
4,
0,
2628,
2327,
2285,
1984,
1725,
1572,
1481,
1439,
1250,
1088,
948,
822,
779,
692,
647,
647,
647,
618,
535,
465,
402,
346,
298,
259,
226,
192,
170,
143,
122,
108,
94,
80,
67,
59,
52,
45,
38,
31,
24,
24,
17,
17,
11,
10,
10,
4,
3,
3,
3,
3,
3,
2,
0,
2802,
2612,
2269,
2067,
1990,
1828,
1600,
1401,
1310,
1212,
1212,
1093,
953,
834,
722,
630,
547,
526,
498,
435,
400,
400,
400,
400,
400,
386,
337,
289,
253,
218,
190,
163,
141,
127,
106,
92,
79,
71,
62,
50,
43,
37,
36,
29,
23,
22,
16,
15,
15,
8,
8,
8,
8,
2,
2,
1,
1,
1,
1,
1,
1,
1,
1,
1,
1,
1,
1,
1,
0,
2729,
2603,
2309,
2008,
1805,
1749,
1609,
1399,
1210,
1049,
986,
896,
896,
888,
770,
670,
580,
502,
433,
376,
322,
279,
244,
209,
181,
181,
181,
181,
175,
160,
139,
125,
106,
91,
83,
70,
62,
62,
62,
62,
62,
62,
62,
62,
62,
62,
62,
62,
62,
62,
62,
62,
62,
62,
62,
62,
62,
62,
62,
62,
62,
62,
62,
62,
62,
62,
62,
62,
62,
62,
62,
55,
49,
42,
35,
34,
27,
26,
20,
20,
13,
13,
13,
7,
6,
6,
6,
6,
5,
0,
2643,
2383,
2258,
2048,
1782,
1565,
1439,
1439,
1320,
1151,
997,
863,
747,
739,
654,
613,
613,
613,
598,
522,
452,
390,
340,
292,
256,
221,
187,
165,
143,
123,
102,
88,
75,
67,
59,
46,
39,
33,
32,
25,
19,
18,
17,
12,
11,
11,
9,
4,
4,
4,
4,
3,
0,
2795,
2628,
2277,
2018,
1906,
1773,
1542,
1338,
1157,
1052,
1031,
1031,
918,
793,
689,
598,
520,
450,
394,
344,
337,
337,
303,
262,
227,
205,
205,
205,
205,
205,
205,
205,
205,
205,
205,
204,
177,
150,
135,
114,
100,
86,
72,
65,
58,
45,
43,
37,
30,
23,
23,
16,
16,
10,
9,
9,
9,
8,
3,
2,
2,
2,
2,
2,
2,
1,
0,
2611,
2401,
2345,
2036,
1764,
1617,
1567,
1470,
1281,
1120,
980,
889,
833,
764,
764,
764,
693,
596,
518,
448,
387,
336,
291,
252,
217,
189,
168,
146,
126,
106,
91,
78,
70,
62,
49,
48,
48,
48,
48,
48,
48,
48,
48,
48,
48,
48,
48,
48,
48,
48,
42,
42,
36,
35,
33,
28,
28,
22,
21,
21,
21,
15,
14,
14,
14,
14,
8,
8,
8,
8,
7,
7,
7,
7,
7,
7,
7,
7,
7,
7,
6,
5,
1,
1,
1,
1,
1,
1,
1,
1,
1,
1,
1,
1,
1,
1,
1,
1,
1,
1,
1,
1,
1,
1,
1,
0,
2882,
2504,
2217,
2091,
1937,
1685,
1468,
1335,
1241,
1241,
1104,
957,
829,
719,
621,
537,
509,
473,
410,
377,
377,
377,
377,
377,
376,
333,
285,
250,
215,
187,
161,
138,
124,
103,
90,
81,
68,
61,
53,
41,
40,
33,
26,
25,
19,
18,
12,
12,
11,
6,
5,
5,
5,
5,
0,
2691,
2565,
2299,
1998,
1816,
1726,
1620,
1410,
1222,
1096,
1081,
970,
970,
956,
829,
718,
625,
540,
466,
402,
352,
304,
262,
227,
196,
171,
144,
129,
109,
100,
87,
73,
66,
59,
52,
45,
39,
39,
39,
39,
39,
39,
39,
39,
39,
39,
39,
39,
39,
39,
39,
39,
39,
39,
39,
39,
39,
39,
39,
39,
39,
39,
39,
39,
39,
39,
39,
39,
39,
39,
39,
39,
39,
39,
39,
39,
39,
39,
39,
39,
39,
39,
39,
39,
39,
39,
39,
39,
39,
39,
38,
36,
31,
24,
24,
17,
17,
11,
10,
10,
9,
4,
3,
3,
3,
3,
3,
0,
2640,
2325,
2192,
2014,
1744,
1514,
1408,
1360,
1316,
1136,
987,
854,
736,
655,
652,
568,
532,
532,
532,
532,
485,
421,
366,
317,
274,
239,
211,
183,
156,
135,
120,
102,
86,
78,
64,
57,
50,
42,
36,
29,
23,
22,
15,
15,
9,
8,
8,
8,
4,
2,
1,
1,
1,
1,
1,
1,
0,
2688,
2603,
2260,
1958,
1833,
1812,
1567,
1358,
1175,
1070,
951,
951,
944,
818,
713,
615,
532,
461,
398,
348,
300,
258,
238,
238,
238,
230,
203,
181,
159,
139,
118,
118,
118,
118,
118,
118,
118,
118,
118,
118,
118,
118,
118,
118,
118,
118,
118,
118,
117,
98,
90,
76,
62,
55,
48,
41,
34,
27,
26,
20,
15,
13,
13,
8,
6,
6,
6,
6,
0,
2643,
2385,
2313,
2034,
1767,
1572,
1446,
1446,
1271,
1139,
1139,
1139,
1139,
1012,
1012,
999,
865,
753,
718,
718,
718,
718,
718,
683,
598,
592,
592,
592,
557,
480,
417,
361,
312,
270,
235,
207,
179,
151,
131,
116,
96,
88,
74,
61,
53,
46,
39,
32,
26,
25,
18,
18,
12,
11,
11,
5,
4,
4,
4,
4,
3,
0,
2787,
2642,
2292,
2053,
1927,
1801,
1563,
1354,
1199,
1088,
1073,
1073,
933,
808,
702,
611,
528,
457,
401,
359,
359,
338,
290,
254,
233,
233,
233,
233,
233,
233,
233,
233,
233,
219,
191,
163,
142,
121,
106,
87,
79,
65,
58,
50,
43,
37,
30,
23,
23,
16,
16,
11,
9,
9,
9,
3,
2,
2,
2,
2,
2,
2,
1,
0,
2639,
2429,
2345,
2031,
1763,
1568,
1540,
1428,
1239,
1071,
930,
805,
748,
658,
658,
658,
658,
572,
495,
427,
371,
322,
279,
238,
209,
181,
154,
133,
113,
98,
84,
76,
63,
56,
49,
42,
35,
28,
22,
21,
15,
14,
14,
8,
7,
7,
7,
6,
1,
1,
0,
2362,
2286,
1983,
1718,
1558,
1501,
1430,
1235,
1074,
927,
807,
738,
641,
612,
612,
612,
589,
508,
444,
381,
332,
284,
248,
213,
185,
157,
137,
121,
101,
87,
74,
66,
59,
46,
39,
38,
31,
24,
23,
17,
17,
10,
10,
10,
9,
4,
3,
3,
3,
3,
3,
3,
2,
0,
2787,
2627,
2277,
2066,
1948,
1807,
1569,
1359,
1240,
1114,
1114,
1084,
939,
813,
701,
610,
526,
456,
407,
407,
392,
344,
295,
287,
287,
287,
287,
287,
287,
287,
267,
232,
197,
170,
148,
127,
113,
92,
79,
71,
58,
50,
43,
36,
30,
29,
22,
21,
15,
15,
9,
8,
8,
8,
5,
2,
1,
1,
1,
1,
1,
1,
1,
1,
1,
2644,
2505,
2358,
2043,
1798,
1665,
1665,
1463,
1287,
1119,
980,
923,
847,
847,
846,
741,
649,
565,
489,
427,
377,
328,
286,
251,
222,
191,
167,
160,
160,
160,
160,
146,
125,
111,
97,
84,
77,
69,
62,
55,
48,
48,
48,
48,
48,
48,
48,
48,
48,
48,
48,
48,
48,
48,
48,
48,
48,
48,
48,
48,
48,
48,
48,
48,
48,
48,
48,
48,
48,
48,
48,
48,
48,
48,
48,
48,
48,
48,
48,
48,
48,
48,
48,
48,
48,
42,
41,
34,
27,
27,
20,
20,
14,
13,
13,
13,
12,
6,
6,
6,
6,
5,
0,
2664,
2425,
2294,
2076,
1809,
1572,
1482,
1482,
1348,
1167,
1019,
885,
767,
677,
593,
585,
585,
585,
557,
487,
424,
375,
326,
284,
249,
221,
187,
165,
144,
123,
110,
95,
87,
74,
60,
58,
47,
40,
38,
32,
25,
25,
19,
18,
17,
11,
11,
10,
5,
4,
4,
4,
4,
4,
4,
3,
0,
2858,
2683,
2395,
2150,
2074,
1863,
1612,
1396,
1283,
1213,
1213,
1066,
925,
800,
695,
598,
520,
492,
464,
404,
366,
366,
366,
366,
366,
366,
338,
296,
255,
226,
198,
170,
149,
128,
114,
100,
86,
73,
65,
58,
50,
44,
38,
36,
30,
23,
22,
16,
16,
16,
14,
10,
9,
9,
9,
3,
2,
2,
2,
2,
2,
2,
1,
0,
2744,
2618,
2345,
2051,
1849,
1799,
1645,
1428,
1267,
1099,
1022,
980,
980,
910,
792,
693,
603,
526,
462,
405,
352,
308,
294,
294,
273,
238,
210,
182,
174,
174,
174,
174,
174,
174,
174,
174,
174,
174,
174,
174,
165,
141,
126,
107,
98,
84,
70,
63,
56,
49,
42,
35,
35,
28,
28,
21,
20,
14,
14,
13,
8,
7,
7,
7,
7,
7,
7,
1,
1,
0,
2651,
2385,
2336,
2028,
1762,
1608,
1538,
1467,
1280,
1280,
1280,
1280,
1160,
1160,
1111,
964,
851,
851,
851,
851,
851,
762,
726,
726,
726,
649,
559,
488,
419,
362,
313,
271,
236,
202,
178,
152,
131,
116,
96,
83,
75,
61,
54,
47,
40,
33,
26,
25,
19,
19,
12,
12,
12,
12,
12,
12,
12,
12,
12,
12,
12,
12,
12,
12,
12,
12,
12,
12,
12,
12,
12,
12,
12,
12,
12,
12,
12,
12,
12,
12,
12,
12,
12,
12,
12,
12,
12,
12,
12,
12,
12,
12,
12,
12,
12,
12,
12,
12,
12,
12,
12,
12,
12,
12,
12,
12,
12,
12,
12,
12,
12,
12,
12,
12,
12,
12,
12,
12,
12,
12,
12,
12,
12,
12,
12,
12,
12,
12,
6,
6,
5,
5,
5,
5,
5,
5,
5,
5,
5,
4,
1,
0,
2885,
2537,
2250,
2152,
2040,
1767,
1564,
1452,
1354,
1348,
1172,
1012,
878,
759,
660,
641,
584,
514,
514,
514,
514,
507,
438,
381,
332,
284,
248,
213,
185,
157,
136,
116,
102,
87,
80,
66,
59,
51,
44,
38,
31,
24,
23,
17,
17,
11,
10,
10,
4,
3,
3,
3,
3,
2,
0,
2724,
2633,
2290,
1989,
1849,
1835,
1590,
1380,
1192,
1086,
974,
974,
960,
834,
722,
624,
540,
470,
407,
351,
302,
267,
267,
267,
260,
225,
197,
169,
148,
142,
142,
142,
142,
142,
142,
142,
142,
142,
142,
142,
142,
142,
142,
141,
127,
107,
92,
79,
71,
63,
51,
43,
37,
35,
29,
22,
22,
15,
15,
9,
8,
8,
8,
2,
2,
1,
1,
1,
1,
1,
1,
1,
1,
2611,
2379,
2329,
2029,
1761,
1567,
1462,
1456,
1270,
1105,
952,
825,
717,
671,
587,
587,
587,
587,
545,
475,
412,
356,
307,
265,
230,
201,
173,
146,
131,
111,
97,
83,
69,
62,
54,
42,
40,
34,
27,
21,
20,
14,
13,
13,
7,
6,
6,
6,
6,
5,
0,
2776,
2649,
2307,
2083,
1957,
1832,
1593,
1383,
1263,
1132,
1132,
1103,
956,
830,
719,
655,
572,
501,
452,
445,
396,
340,
326,
326,
326,
326,
326,
326,
312,
276,
256,
228,
200,
172,
150,
129,
109,
95,
81,
68,
60,
53,
46,
39,
32,
25,
25,
18,
18,
12,
11,
11,
10,
4,
4,
4,
4,
4,
0,
2673,
2543,
2319,
2018,
1844,
1725,
1653,
1465,
1310,
1144,
1114,
1003,
1003,
975,
849,
738,
639,
555,
485,
422,
366,
317,
289,
289,
275,
241,
212,
184,
169,
169,
169,
169,
169,
169,
169,
169,
169,
169,
169,
169,
163,
149,
128,
109,
93,
80,
72,
58,
51,
44,
37,
31,
30,
23,
22,
16,
16,
9,
9,
9,
3,
3,
2,
2,
2,
2,
2,
1,
1,
2604,
2380,
2346,
2051,
1778,
1617,
1526,
1477,
1288,
1120,
973,
846,
777,
673,
658,
658,
658,
602,
525,
456,
399,
350,
302,
266,
231,
203,
175,
154,
133,
119,
104,
91,
77,
70,
63,
50,
43,
36,
35,
28,
22,
21,
14,
14,
14,
8,
7,
7,
7,
1,
1,
0,
2860,
2615,
2266,
2025,
1993,
1762,
1531,
1328,
1217,
1139,
1139,
1027,
887,
768,
663,
578,
498,
432,
398,
396,
348,
300,
278,
278,
278,
278,
278,
278,
278,
278,
243,
208,
180,
158,
133,
117,
102,
88,
75,
61,
54,
47,
40,
33,
27,
26,
19,
19,
12,
12,
12,
6,
5,
5,
5,
5,
4,
0,
2642,
2432,
2300,
1998,
1733,
1607,
1607,
1452,
1256,
1088,
941,
871,
773,
745,
745,
745,
647,
557,
486,
416,
361,
311,
270,
234,
200,
172,
150,
129,
114,
94,
86,
73,
59,
52,
45,
38,
31,
30,
30,
30,
30,
30,
30,
30,
30,
30,
30,
30,
30,
30,
30,
30,
30,
30,
30,
30,
30,
30,
30,
30,
30,
30,
30,
30,
25,
24,
24,
19,
18,
17,
17,
17,
16,
11,
10,
10,
10,
10,
10,
10,
9,
8,
4,
4,
4,
4,
3,
3,
3,
3,
3,
3,
3,
3,
3,
3,
3,
3,
3,
3,
3,
3,
3,
3,
3,
2,
2,
2,
2,
1,
1,
0,
496860,
1117,
964,
837,
725,
669,
669,
599,
543,
543,
543,
543,
508,
438,
382,
333,
291,
249,
214,
186,
159,
141,
123,
103,
88,
80,
67,
59,
47,
42,
39,
32,
25,
25,
18,
18,
12,
11,
11,
5,
4,
4,
4,
4,
4,
3,
2,
2850,
2741,
2382,
2068,
1927,
1808,
1570,
1429,
1248,
1088,
1080,
1073,
933,
808,
702,
611,
528,
458,
400,
345,
317,
289,
253,
219,
191,
191,
191,
191,
191,
191,
191,
191,
191,
191,
191,
184,
163,
142,
122,
107,
93,
79,
68,
58,
51,
44,
37,
30,
30,
23,
23,
16,
16,
9,
9,
9,
8,
2,
2,
2,
2,
2,
2,
0,
2619,
2373,
2331,
2022,
1750,
1617,
1540,
1470,
1274,
1106,
959,
833,
792,
693,
686,
686,
686,
602,
525,
456,
399,
350,
302,
266,
232,
203,
175,
154,
133,
118,
104,
91,
77,
70,
56,
49,
42,
41,
35,
28,
22,
21,
18,
14,
14,
14,
14,
14,
14,
14,
14,
14,
14,
14,
14,
14,
14,
14,
14,
14,
14,
14,
14,
14,
14,
14,
14,
14,
14,
14,
14,
14,
14,
14,
14,
14,
14,
14,
14,
14,
14,
14,
14,
14,
14,
14,
14,
14,
14,
14,
14,
14,
14,
14,
14,
14,
14,
14,
14,
14,
14,
14,
14,
14,
14,
14,
14,
14,
14,
14,
14,
14,
8,
7,
7,
7,
7,
7,
7,
6,
1,
1,
1,
1,
1,
1,
1,
1,
1,
1,
1,
1,
1,
1,
1,
0,
2882,
2497,
2161,
2028,
1944,
1685,
1461,
1293,
1167,
1167,
1125,
972,
845,
733,
635,
551,
481,
454,
445,
385,
335,
334,
334,
334,
334,
334,
334,
300,
264,
229,
194,
166,
145,
124,
110,
95,
82,
68,
61,
53,
44,
39,
33,
26,
20,
19,
18,
12,
12,
8,
5,
5,
5,
5,
4,
0,
2614,
2488,
2299,
1991,
1774,
1648,
1634,
1424,
1235,
1074,
954,
902,
829,
829,
829,
731,
633,
549,
473,
411,
360,
311,
269,
234,
199,
173,
150,
130,
115,
109,
109,
109,
109,
109,
109,
101,
87,
80,
66,
59,
52,
46,
44,
38,
31,
31,
24,
24,
23,
17,
17,
17,
17,
14,
11,
11,
10,
10,
10,
10,
10,
10,
10,
9,
7,
4,
4,
4,
4,
4,
4,
4,
4,
4,
4,
4,
4,
4,
4,
4,
4,
4,
4,
4,
4,
4,
4,
4,
4,
4,
4,
4,
4,
4,
4,
4,
4,
4,
4,
4,
4,
4,
4,
4,
4,
4,
4,
4,
4,
4,
4,
4,
4,
4,
4,
4,
4,
4,
4,
4,
4,
4,
4,
4,
4,
4,
4,
4,
4,
4,
4,
4,
4,
4,
4,
4,
4,
4,
4,
4,
4,
4,
4,
4,
4,
4,
4,
4,
4,
4,
4,
4,
4,
4,
4,
4,
4,
4,
4,
4,
4,
4,
4,
4,
4,
4,
4,
4,
4,
4,
4,
4,
4,
4,
4,
4,
4,
4,
4,
4,
4,
4,
4,
4,
4,
4,
4,
4,
4,
4,
4,
4,
4,
4,
4,
4,
4,
4,
4,
4,
4,
4,
4,
4,
4,
4,
4,
4,
4,
4,
4,
4,
4,
4,
4,
4,
4,
4,
4,
4,
4,
4,
4,
4,
4,
4,
4,
4,
4,
4,
4,
4,
4,
4,
4,
4,
4,
4,
4,
4,
4,
4,
4,
4,
4,
4,
4,
4,
4,
4,
4,
4,
4,
4,
4,
4,
4,
4,
4,
4,
4,
4,
4,
4,
4,
4,
4,
4,
4,
4,
4,
4,
4,
4,
4,
4,
4,
4,
4,
4,
4,
4,
4,
4,
4,
4,
4,
4,
4,
4,
4,
4,
4,
4,
4,
4,
4,
4,
4,
4,
4,
4,
4,
4,
4,
4,
4,
4,
4,
4,
4,
4,
4,
4,
4,
4,
4,
4,
4,
4,
4,
4,
4,
4,
4,
4,
4,
4,
4,
4,
4,
4,
4,
4,
4,
4,
4,
4,
4,
4,
4,
4,
4,
4,
4,
4,
4,
4,
4,
4,
4,
4,
4,
4,
4,
4,
4,
4,
4,
4,
4,
4,
4,
4,
4,
4,
4,
4,
4,
4,
4,
4,
4,
4,
4,
4,
4,
4,
4,
4,
4,
4,
4,
4,
4,
4,
4,
4,
4,
4,
4,
4,
4,
4,
4,
4,
4,
4,
4,
4,
4,
4,
4,
4,
4,
4,
4,
4,
4,
4,
4,
4,
4,
4,
4,
4,
4,
4,
4,
4,
4,
4,
4,
4,
4,
4,
4,
4,
4,
4,
4,
4,
4,
4,
4,
4,
4,
4,
4,
4,
4,
4,
4,
4,
4,
4,
4,
4,
4,
4,
4,
4,
4,
4,
4,
4,
4,
4,
4,
4,
4,
4,
4,
4,
4,
4,
4,
4,
4,
4,
4,
4,
4,
4,
4,
4,
4,
4,
4,
4,
4,
4,
4,
4,
4,
4,
4,
4,
4,
4,
4,
4,
4,
4,
4,
4,
4,
4,
4,
4,
4,
4,
4,
4,
4,
4,
4,
4,
4,
4,
4,
4,
4,
4,
4,
4,
4,
4,
4,
4,
4,
4,
4,
4,
4,
4,
4,
4,
4,
4,
4,
4,
4,
4,
4,
4,
4,
4,
4,
4,
4,
4,
4,
4,
4,
4,
4,
4,
4,
4,
4,
4,
4,
4,
4,
4,
4,
4,
4,
4,
4,
4,
4,
4,
4,
4,
4,
4,
4,
4,
4,
4,
4,
4,
4,
4,
4,
4,
4,
4,
4,
4,
4,
4,
4,
4,
4,
4,
4,
4,
4,
4,
4,
4,
4,
4,
4,
4,
4,
4,
4,
4,
4,
4,
4,
4,
4,
4,
4,
4,
4,
4,
4,
3,
3,
3,
3,
3,
3,
3,
2,
2,
0,
2619,
2276,
2151,
2017,
1751,
1520,
1408,
1323,
1317,
1143,
995,
868,
750,
652,
617,
575,
498,
491,
491,
491,
491,
449,
393,
344,
302,
267,
232,
204,
176,
155,
134,
120,
105,
91,
78,
71,
58,
50,
43,
40,
36,
29,
23,
22,
16,
15,
15,
9,
8,
8,
8,
8,
8,
7,
2,
2,
1,
1,
1,
1,
1,
1,
1,
1,
1,
0,
2722,
2638,
2309,
2041,
1911,
1854,
1610,
1400,
1217,
1154,
1091,
1091,
986,
853,
743,
643,
559,
483,
419,
363,
363,
336,
294,
258,
238,
238,
238,
238,
238,
238,
238,
238,
238,
216,
188,
161,
139,
125,
104,
90,
76,
69,
61,
48,
41,
38,
34,
27,
21,
20,
14,
13,
13,
7,
6,
6,
6,
5,
0,
2615,
2433,
2342,
2027,
1754,
1614,
1593,
1460,
1264,
1096,
949,
885,
802,
759,
759,
759,
669,
578,
501,
432,
376,
326,
284,
244,
213,
185,
158,
137,
116,
102,
88,
74,
66,
54,
46,
39,
39,
39,
39,
39,
39,
39,
39,
39,
39,
39,
39,
39,
39,
39,
39,
39,
39,
39,
39,
32,
32,
31,
25,
25,
20,
18,
18,
18,
18,
12,
12,
11,
11,
11,
11,
11,
5,
5,
5,
5,
5,
5,
5,
4,
4,
4,
4,
4,
4,
4,
4,
4,
4,
4,
4,
4,
4,
4,
4,
3,
3,
3,
2,
1,
1,
1,
0,
2873,
2501,
2213,
2087,
1948,
1795,
1795,
1731,
1676,
1556,
1388,
1388,
1388,
1304,
1262,
1235,
1073,
927,
807,
695,
604,
549,
546,
478,
429,
429,
429,
429,
429,
408,
352,
310,
269,
239,
205,
177,
156,
135,
115,
100,
86,
72,
65,
52,
45,
38,
37,
30,
23,
22,
16,
16,
10,
9,
9,
8,
3,
2,
2,
2,
2,
2,
2,
1,
0,
2724,
2618,
2296,
2030,
1815,
1792,
1617,
1407,
1224,
1058,
966,
924,
924,
869,
762,
665,
581,
504,
441,
385,
336,
294,
252,
223,
217,
217,
197,
175,
154,
136,
119,
105,
99,
99,
99,
99,
99,
99,
99,
99,
99,
99,
99,
99,
99,
99,
99,
99,
99,
99,
99,
99,
99,
98,
84,
70,
63,
56,
48,
41,
35,
28,
27,
21,
20,
14,
14,
8,
7,
7,
7,
7,
1,
1,
0,
2651,
2378,
2288,
2035,
1769,
1580,
1454,
1454,
1300,
1132,
984,
873,
768,
719,
635,
635,
635,
635,
572,
502,
433,
377,
328,
286,
250,
216,
187,
165,
139,
120,
103,
89,
82,
75,
62,
54,
47,
40,
33,
32,
26,
25,
19,
18,
12,
12,
7,
5,
5,
5,
5,
5,
0,
2859,
2649,
2306,
2096,
2046,
1824,
1585,
1375,
1278,
1214,
1214,
1068,
1068,
1068,
1068,
1068,
1012,
942,
942,
906,
787,
681,
587,
535,
535,
535,
535,
535,
535,
479,
416,
409,
409,
409,
409,
409,
367,
318,
275,
234,
206,
174,
150,
130,
115,
95,
87,
73,
60,
52,
45,
38,
31,
30,
24,
18,
17,
16,
10,
10,
10,
4,
3,
3,
3,
3,
2,
0,
2697,
2570,
2289,
1982,
1792,
1709,
1597,
1387,
1199,
1038,
974,
855,
855,
855,
779,
680,
589,
512,
442,
386,
330,
288,
249,
218,
184,
162,
148,
148,
148,
148,
148,
139,
120,
106,
92,
85,
73,
64,
57,
50,
43,
42,
36,
29,
29,
29,
29,
29,
29,
29,
29,
29,
29,
29,
29,
29,
29,
29,
29,
29,
29,
29,
29,
29,
29,
29,
29,
29,
29,
29,
29,
29,
29,
29,
29,
29,
29,
29,
29,
29,
29,
29,
29,
29,
29,
29,
29,
29,
29,
29,
29,
29,
29,
29,
29,
29,
29,
29,
29,
29,
29,
29,
29,
29,
29,
29,
29,
29,
29,
29,
29,
29,
29,
29,
29,
29,
29,
29,
29,
28,
22,
22,
16,
15,
14,
9,
8,
8,
7,
2,
1,
1,
1,
1,
1,
1,
1,
0,
2611,
2372,
2240,
2064,
1796,
1560,
1420,
1393,
1322,
1146,
992,
860,
741,
664,
630,
552,
538,
538,
538,
532,
462,
403,
349,
300,
259,
224,
195,
169,
146,
126,
111,
97,
83,
69,
62,
49,
45,
40,
34,
27,
20,
20,
19,
13,
13,
7,
6,
6,
6,
5,
0,
2699,
2636,
2377,
2096,
1978,
1901,
1655,
1439,
1278,
1173,
1159,
1132,
991,
865,
760,
656,
579,
502,
487,
473,
417,
368,
368,
368,
368,
368,
368,
346,
299,
263,
228,
200,
172,
151,
130,
110,
95,
81,
69,
60,
53,
46,
39,
32,
26,
25,
24,
18,
17,
11,
11,
5,
4,
4,
4,
4,
3,
0,
2852,
2725,
2438,
2116,
1837,
1815,
1632,
1415,
1227,
1060,
920,
891,
891,
835,
730,
632,
548,
472,
408,
357,
310,
268,
233,
198,
176,
156,
156,
156,
156,
142,
122,
107,
94,
86,
72,
65,
58,
51,
44,
43,
43,
43,
43,
43,
43,
43,
43,
43,
43,
43,
43,
43,
43,
43,
43,
43,
43,
43,
43,
43,
43,
43,
43,
43,
43,
43,
43,
43,
43,
43,
43,
43,
43,
43,
43,
43,
43,
43,
43,
43,
43,
43,
43,
43,
43,
43,
43,
43,
43,
37,
34,
30,
23,
23,
16,
16,
15,
9,
9,
9,
3,
2,
2,
2,
2,
2,
2,
2,
1,
0,
2645,
2366,
2240,
2051,
1772,
1534,
1427,
1401,
1323,
1148,
994,
861,
748,
693,
651,
567,
567,
567,
567,
537,
469,
413,
371,
335,
294,
259,
225,
196,
175,
154,
133,
113,
99,
90,
77,
64,
56,
49,
42,
35,
30,
28,
21,
21,
15,
14,
14,
8,
7,
7,
7,
3,
1,
0,
2797,
2623,
2288,
2063,
1972,
1810,
1580,
1384,
1300,
1181,
1181,
1091,
950,
831,
726,
635,
545,
480,
474,
426,
370,
348,
348,
348,
348,
348,
348,
327,
285,
243,
208,
187,
159,
138,
117,
103,
89,
75,
68,
61,
53,
43,
39,
33,
26,
25,
19,
18,
12,
12,
7,
5,
5,
5,
5,
5,
4,
0,
2895,
2775,
2481,
2156,
1872,
1851,
1648,
1431,
1242,
1081,
941,
934,
934,
844,
738,
640,
563,
486,
423,
367,
325,
282,
241,
213,
185,
163,
141,
122,
108,
94,
87,
73,
67,
59,
52,
46,
45,
45,
45,
45,
45,
45,
45,
45,
45,
45,
45,
45,
45,
45,
45,
45,
45,
45,
45,
45,
45,
45,
45,
45,
45,
45,
45,
45,
45,
45,
45,
45,
45,
45,
45,
45,
45,
45,
45,
45,
45,
45,
45,
45,
45,
45,
45,
45,
39,
38,
31,
30,
24,
18,
17,
17,
16,
11,
10,
10,
9,
4,
3,
3,
3,
3,
2,
0,
2668,
2395,
2269,
2067,
1807,
1590,
1464,
1464,
1338,
1163,
1010,
882,
771,
757,
660,
652,
652,
652,
596,
519,
456,
393,
350,
302,
260,
226,
204,
176,
154,
128,
113,
99,
85,
78,
64,
57,
49,
41,
36,
29,
23,
22,
16,
15,
15,
9,
8,
8,
8,
2,
2,
1,
1,
1,
1,
1,
1,
1,
0,
2827,
2610,
2274,
2050,
2014,
1792,
1567,
1364,
1265,
1189,
1189,
1056,
917,
804,
699,
607,
532,
497,
489,
426,
378,
378,
378,
378,
378,
378,
349,
306,
265,
230,
202,
174,
150,
132,
115,
97,
84,
76,
62,
55,
48,
41,
34,
27,
27,
20,
20,
15,
13,
13,
12,
7,
6,
6,
6,
6,
5,
0,
2720,
2595,
2322,
2027,
1859,
1789,
1650,
1439,
1257,
1096,
1012,
956,
956,
907,
795,
690,
599,
522,
452,
396,
340,
292,
256,
249,
249,
235,
208,
182,
158,
138,
130,
130,
130,
130,
130,
130,
130,
130,
130,
130,
130,
130,
130,
130,
130,
130,
123,
110,
96,
88,
74,
67,
60,
53,
45,
39,
32,
26,
25,
24,
18,
17,
11,
11,
10,
5,
4,
4,
4,
4,
4,
3,
0,
2641,
2417,
2368,
2081,
1822,
1633,
1542,
1487,
1303,
1136,
996,
870,
807,
709,
709,
709,
695,
611,
534,
464,
406,
358,
310,
274,
240,
209,
184,
163,
142,
121,
107,
93,
80,
72,
63,
52,
51,
44,
37,
30,
24,
23,
23,
23,
23,
23,
23,
23,
23,
23,
23,
23,
23,
23,
23,
23,
23,
23,
23,
23,
23,
23,
23,
23,
23,
23,
23,
23,
23,
23,
17,
16,
16,
16,
16,
15,
10,
9,
9,
9,
9,
9,
9,
9,
9,
9,
8,
3,
3,
3,
3,
3,
2,
2,
2,
2,
2,
2,
2,
2,
2,
2,
2,
2,
2,
2,
2,
2,
2,
2,
2,
2,
2,
2,
2,
2,
2,
2,
2,
2,
2,
2,
2,
2,
2,
2,
2,
2,
2,
2,
2,
2,
2,
2,
2,
2,
2,
2,
1,
1,
1,
1,
1,
0,
2904,
2534,
2212,
2079,
1954,
1708,
1484,
1352,
1240,
1240,
1120,
980,
890,
890,
890,
890,
826,
771,
771,
771,
693,
602,
533,
533,
533,
533,
533,
533,
533,
533,
518,
455,
413,
413,
413,
413,
413,
392,
343,
301,
259,
224,
196,
169,
147,
126,
112,
98,
84,
70,
63,
56,
49,
42,
35,
29,
28,
21,
20,
14,
14,
8,
7,
7,
7,
7,
1,
1,
0,
2752,
2637,
2323,
2028,
1818,
1790,
1622,
1418,
1231,
1105,
1014,
985,
985,
901,
789,
691,
608,
530,
466,
404,
355,
327,
327,
320,
285,
249,
215,
202,
202,
202,
202,
202,
202,
202,
202,
202,
202,
194,
173,
146,
129,
110,
96,
82,
68,
61,
54,
47,
40,
33,
26,
20,
19,
16,
12,
12,
6,
5,
5,
5,
5,
0,
2614,
2397,
2348,
2033,
1760,
1620,
1564,
1473,
1277,
1109,
969,
871,
828,
752,
752,
752,
690,
605,
535,
465,
402,
358,
318,
283,
248,
220,
198,
171,
150,
136,
120,
107,
94,
94,
94,
94,
94,
94,
94,
81,
73,
66,
59,
52,
45,
38,
38,
31,
31,
24,
24,
24,
18,
17,
17,
17,
15,
11,
10,
10,
10,
10,
10,
9,
4,
4,
4,
4,
3,
3,
3,
3,
3,
3,
3,
3,
3,
3,
3,
3,
3,
3,
3,
3,
2,
2,
2,
0,
2878,
2501,
2304,
2206,
1989,
1730,
1520,
1401,
1394,
1304,
1129,
981,
848,
730,
659,
617,
540,
533,
533,
533,
526,
463,
406,
351,
302,
267,
232,
197,
170,
149,
128,
113,
99,
84,
71,
58,
50,
43,
36,
30,
29,
24,
22,
16,
15,
15,
8,
8,
8,
6,
1,
1,
1,
1,
1,
1,
0,
23,
17,
16,
16,
9,
9,
9,
8,
3,
2,
2,
2,
2,
2,
2,
0,
2814,
2709,
2352,
2079,
1947,
1827,
1577,
1365,
1190,
1078,
1063,
1058,
924,
832,
777,
714,
623,
539,
483,
483,
434,
385,
364,
364,
364,
364,
364,
363,
315,
273,
238,
210,
181,
154,
140,
119,
105,
91,
77,
70,
56,
49,
42,
35,
28,
28,
21,
20,
14,
14,
8,
7,
7,
7,
6,
1,
1,
0,
2714,
2595,
2343,
2035,
1839,
1752,
1636,
1419,
1230,
1063,
999,
901,
901,
901,
782,
677,
586,
509,
439,
383,
334,
285,
250,
215,
187,
159,
152,
152,
152,
139,
124,
111,
96,
89,
76,
68,
61,
54,
47,
40,
40,
40,
40,
40,
40,
40,
40,
40,
40,
40,
40,
40,
40,
40,
40,
40,
40,
40,
40,
40,
40,
40,
40,
40,
40,
40,
40,
40,
40,
40,
40,
40,
40,
40,
40,
40,
40,
40,
40,
40,
40,
40,
40,
40,
40,
40,
40,
40,
40,
40,
40,
40,
40,
39,
33,
27,
26,
20,
19,
13,
12,
12,
11,
5,
5,
5,
5,
5,
4,
0,
2649,
2411,
2283,
2088,
1816,
1599,
1472,
1472,
1347,
1172,
1018,
885,
773,
738,
640,
626,
626,
626,
583,
507,
444,
382,
339,
291,
255,
221,
192,
171,
143,
129,
108,
101,
87,
73,
66,
53,
46,
45,
38,
31,
25,
24,
18,
17,
17,
16,
10,
10,
10,
4,
3,
3,
3,
3,
3,
2,
0,
2850,
2638,
2284,
2067,
2010,
1800,
1567,
1359,
1268,
1177,
1177,
1058,
917,
792,
686,
596,
512,
463,
463,
421,
366,
338,
338,
338,
338,
338,
338,
324,
281,
245,
211,
183,
155,
134,
114,
99,
85,
73,
64,
57,
50,
42,
36,
29,
22,
22,
15,
15,
15,
8,
8,
8,
7,
2,
1,
1,
1,
1,
1,
1,
1,
0,
2638,
2511,
2310,
2008,
1763,
1631,
1609,
1392,
1203,
1042,
909,
867,
783,
783,
783,
713,
622,
538,
468,
405,
356,
307,
265,
230,
201,
173,
146,
131,
111,
97,
90,
90,
90,
90,
90,
90,
90,
90,
90,
84,
76,
69,
62,
55,
48,
41,
34,
34,
27,
27,
26,
21,
20,
20,
20,
16,
13,
13,
13,
13,
13,
13,
7,
7,
7,
7,
6,
6,
6,
6,
6,
6,
6,
6,
6,
6,
6,
6,
6,
6,
6,
6,
5,
5,
2,
1,
1,
0,
2874,
2496,
2244,
2140,
1929,
1670,
1453,
1258,
1215,
1201,
1040,
900,
781,
670,
579,
501,
445,
424,
368,
319,
319,
319,
319,
319,
319,
319,
298,
256,
221,
193,
165,
144,
123,
106,
89,
81,
67,
60,
52,
45,
39,
32,
25,
19,
18,
17,
11,
11,
10,
4,
4,
4,
4,
4,
0,
2606,
2473,
2299,
1995,
1738,
1605,
1605,
1402,
1213,
1052,
908,
856,
744,
737,
737,
723,
625,
541,
470,
401,
346,
297,
260,
220,
191,
163,
142,
121,
107,
89,
79,
65,
58,
50,
43,
37,
30,
23,
22,
16,
16,
10,
10,
10,
10,
10,
10,
10,
10,
10,
10,
10,
10,
10,
10,
10,
10,
10,
10,
10,
10,
10,
10,
10,
10,
10,
10,
10,
10,
10,
10,
10,
10,
10,
10,
10,
10,
10,
10,
10,
10,
10,
10,
10,
10,
10,
10,
10,
10,
10,
10,
10,
10,
10,
10,
10,
10,
10,
10,
10,
10,
10,
10,
10,
10,
10,
10,
10,
10,
10,
10,
10,
10,
10,
10,
10,
10,
10,
10,
10,
10,
10,
10,
10,
10,
10,
10,
10,
9,
9,
9,
9,
9,
8,
7,
3,
3,
3,
3,
2,
2,
2,
2,
2,
2,
2,
2,
2,
2,
2,
2,
2,
2,
2,
2,
2,
2,
2,
2,
2,
2,
2,
2,
2,
1,
1,
1,
1,
1,
1,
0,
2877,
2485,
2156,
2023,
1946,
1681,
1456,
1296,
1169,
1169,
1128,
973,
840,
728,
624,
539,
463,
441,
437,
385,
330,
309,
309,
309,
309,
309,
309,
309,
280,
239,
210,
182,
161,
140,
120,
105,
92,
79,
70,
63,
55,
43,
36,
35,
32,
28,
21,
21,
14,
14,
13,
7,
7,
7,
7,
7,
7,
6,
3,
1,
1,
1,
0,
2658,
2532,
2336,
2021,
1811,
1680,
1642,
1420,
1230,
1063,
964,
887,
838,
838,
818,
712,
614,
530,
460,
397,
348,
299,
257,
222,
194,
166,
145,
124,
104,
103,
103,
103,
103,
103,
103,
96,
83,
75,
68,
55,
50,
46,
40,
33,
33,
26,
26,
19,
19,
19,
13,
12,
12,
12,
12,
11,
6,
6,
5,
5,
5,
5,
5,
5,
5,
5,
5,
5,
5,
5,
5,
4,
4,
2,
0,
2867,
2481,
2222,
2118,
1921,
1676,
1459,
1347,
1298,
1270,
1109,
968,
843,
731,
639,
570,
528,
465,
451,
451,
451,
451,
438,
382,
332,
290,
248,
213,
185,
164,
143,
122,
108,
88,
80,
66,
59,
46,
41,
38,
31,
24,
24,
17,
17,
11,
10,
10,
10,
4,
3,
3,
3,
3,
3,
3,
2,
0,
2717,
2619,
2276,
1968,
1765,
1744,
1570,
1360,
1184,
1023,
953,
876,
876,
868,
750,
645,
555,
478,
414,
365,
316,
274,
233,
204,
176,
148,
147,
147,
147,
147,
141,
124,
106,
92,
84,
71,
64,
57,
50,
43,
37,
36,
29,
29,
23,
23,
23,
23,
23,
23,
23,
23,
23,
23,
23,
23,
23,
23,
23,
23,
23,
23,
23,
23,
23,
23,
23,
23,
23,
23,
23,
23,
23,
23,
23,
23,
23,
23,
23,
23,
23,
23,
23,
23,
23,
23,
23,
23,
23,
23,
23,
23,
23,
23,
23,
23,
23,
23,
23,
23,
23,
23,
23,
23,
23,
23,
23,
23,
23,
23,
23,
23,
23,
23,
23,
23,
23,
23,
23,
23,
23,
23,
23,
23,
23,
23,
23,
23,
23,
23,
23,
23,
23,
23,
23,
23,
23,
23,
22,
22,
20,
15,
15,
13,
8,
8,
8,
7,
2,
1,
1,
1,
1,
1,
1,
1,
0,
2631,
2296,
2165,
2008,
1735,
1497,
1392,
1315,
1301,
1126,
972,
839,
727,
629,
566,
538,
467,
440,
440,
440,
440,
440,
384,
329,
286,
244,
210,
181,
158,
133,
118,
98,
84,
76,
62,
55,
47,
40,
34,
27,
20,
20,
13,
13,
13,
6,
6,
6,
6,
1,
2742,
2622,
2300,
1986,
1808,
1761,
1600,
1383,
1194,
1033,
984,
900,
900,
886,
767,
662,
571,
494,
425,
368,
319,
277,
241,
207,
193,
193,
193,
193,
186,
165,
144,
123,
109,
95,
81,
74,
68,
68,
68,
68,
68,
68,
68,
68,
68,
68,
68,
68,
68,
68,
68,
68,
68,
68,
68,
68,
68,
68,
68,
68,
68,
68,
68,
68,
68,
68,
68,
67,
59,
53,
46,
39,
32,
26,
25,
25,
18,
18,
12,
11,
11,
10,
5,
4,
4,
4,
4,
4,
0,
2655,
2361,
2249,
2019,
1752,
1528,
1394,
1394,
1290,
1115,
968,
835,
724,
660,
611,
534,
528,
528,
528,
521,
456,
394,
339,
296,
254,
220,
191,
169,
142,
122,
107,
93,
79,
66,
58,
51,
44,
37,
30,
24,
23,
17,
16,
13,
9,
9,
9,
8,
3,
2,
2,
2,
2,
2,
1,
0,
2724,
2632,
2275,
1975,
1848,
1820,
1582,
1373,
1191,
1127,
1022,
1022,
980,
847,
735,
651,
567,
496,
427,
371,
336,
336,
329,
288,
252,
217,
210,
210,
210,
210,
210,
210,
210,
210,
210,
210,
189,
161,
140,
119,
105,
91,
77,
64,
56,
49,
42,
35,
29,
28,
21,
17,
14,
14,
8,
7,
7,
7,
2,
1,
0,
2631,
2412,
2350,
2035,
1762,
1615,
1560,
1462,
1265,
1090,
944,
838,
803,
712,
712,
712,
684,
593,
510,
445,
383,
334,
285,
250,
215,
187,
160,
138,
124,
103,
89,
75,
68,
55,
47,
40,
34,
33,
26,
20,
19,
13,
12,
12,
9,
5,
5,
5,
5,
5,
3,
0,
2873,
2601,
2250,
2019,
1998,
1747,
1509,
1312,
1207,
1130,
1130,
1018,
878,
759,
654,
567,
487,
423,
395,
395,
346,
304,
269,
269,
269,
269,
269,
269,
269,
269,
255,
220,
186,
164,
142,
122,
102,
88,
80,
66,
58,
46,
39,
38,
31,
24,
23,
17,
17,
10,
10,
10,
5,
3,
3,
3,
3,
3,
2,
0,
2633,
2452,
2332,
2017,
1744,
1583,
1583,
1430,
1240,
1072,
932,
855,
771,
723,
723,
723,
652,
562,
491,
421,
365,
316,
274,
239,
204,
176,
155,
134,
113,
99,
85,
71,
64,
55,
44,
42,
36,
29,
22,
22,
16,
15,
15,
9,
8,
8,
8,
2,
2,
1,
1,
1,
1,
1,
1,
1,
0,
2869,
2582,
2232,
2029,
2022,
1756,
1518,
1308,
1231,
1168,
1168,
1028,
891,
770,
671,
580,
503,
433,
433,
387,
335,
304,
304,
304,
304,
304,
304,
304,
285,
244,
209,
181,
154,
133,
118,
103,
89,
76,
62,
55,
48,
41,
34,
27,
21,
20,
14,
13,
12,
6,
6,
6,
6,
0,
2643,
2510,
2348,
2027,
1789,
1656,
1656,
1432,
1248,
1075,
946,
906,
816,
816,
816,
726,
627,
543,
466,
403,
347,
298,
256,
221,
192,
165,
144,
123,
102,
88,
76,
76,
76,
76,
76,
76,
76,
76,
76,
76,
74,
67,
60,
53,
46,
39,
33,
32,
26,
25,
25,
18,
18,
18,
17,
12,
12,
11,
11,
11,
11,
11,
10,
5,
5,
5,
5,
4,
4,
4,
4,
4,
4,
4,
4,
4,
4,
4,
4,
4,
4,
4,
4,
3,
3,
2,
0,
2872,
2481,
2249,
2124,
1934,
1668,
1444,
1346,
1276,
1269,
1108,
967,
841,
730,
637,
569,
548,
478,
443,
443,
443,
443,
443,
401,
346,
303,
261,
227,
198,
170,
150,
134,
114,
100,
86,
72,
65,
58,
50,
43,
37,
31,
30,
23,
17,
16,
16,
9,
9,
9,
9,
9,
6,
3,
2,
2,
2,
2,
2,
2,
2,
1,
0,
2756,
2660,
2317,
2016,
1826,
1826,
1609,
1400,
1218,
1107,
986,
986,
986,
868,
756,
658,
574,
497,
434,
378,
329,
287,
287,
287,
259,
224,
196,
175,
168,
168,
168,
168,
168,
168,
168,
168,
168,
168,
168,
168,
161,
140,
119,
104,
90,
77,
63,
56,
49,
42,
35,
28,
27,
21,
15,
14,
14,
8,
7,
7,
7,
1,
1,
0,
2609,
2371,
2328,
2008,
1739,
1552,
1433,
1426,
1236,
1068,
922,
796,
684,
649,
565,
544,
544,
544,
544,
474,
411,
355,
306,
264,
229,
194,
167,
145,
124,
110,
90,
82,
68,
61,
54,
44,
40,
33,
26,
26,
19,
19,
12,
12,
11,
5,
5,
5,
5,
2,
2741,
2649,
2292,
1978,
1851,
1802,
1564,
1354,
1172,
1081,
983,
983,
948,
822,
710,
612,
533,
458,
395,
346,
297,
255,
249,
249,
235,
206,
178,
157,
136,
123,
123,
123,
123,
123,
123,
123,
123,
123,
123,
123,
123,
123,
123,
123,
123,
123,
122,
102,
88,
80,
67,
59,
52,
45,
38,
31,
30,
24,
24,
18,
17,
11,
10,
10,
9,
4,
3,
3,
3,
3,
3,
1,
2632,
2409,
2346,
2060,
1793,
1646,
1534,
1506,
1310,
1141,
988,
862,
841,
736,
722,
722,
716,
625,
547,
476,
414,
358,
311,
274,
233,
204,
180,
155,
134,
120,
100,
85,
78,
65,
57,
50,
43,
36,
29,
23,
22,
22,
22,
22,
22,
22,
22,
22,
22,
22,
22,
22,
22,
22,
22,
22,
22,
22,
22,
22,
22,
22,
22,
22,
22,
22,
22,
22,
22,
22,
22,
22,
22,
22,
22,
22,
22,
16,
15,
15,
15,
15,
9,
9,
8,
8,
8,
8,
8,
8,
8,
7,
6,
2,
2,
2,
2,
2,
2,
1,
1,
1,
1,
1,
1,
1,
1,
1,
1,
1,
1,
1,
1,
1,
1,
1,
1,
1,
1,
1,
1,
1,
1,
1,
1,
1,
1,
1,
1,
1,
1,
1,
1,
1,
1,
1,
1,
1,
1,
1,
1,
1,
1,
1,
1,
1,
1,
1,
1,
1,
1,
1,
1,
1,
1,
0,
2875,
2484,
2155,
2016,
1924,
1659,
1434,
1294,
1167,
1167,
1126,
972,
839,
727,
629,
539,
468,
448,
447,
391,
341,
325,
325,
325,
325,
325,
325,
308,
270,
230,
202,
174,
147,
132,
111,
97,
83,
69,
62,
49,
42,
41,
34,
27,
26,
20,
19,
13,
13,
11,
6,
6,
6,
5,
0,
2622,
2496,
2307,
1998,
1762,
1635,
1628,
1418,
1223,
1061,
921,
886,
789,
789,
789,
725,
627,
543,
469,
404,
348,
304,
262,
222,
193,
165,
144,
123,
103,
89,
80,
67,
59,
47,
47,
47,
47,
47,
47,
47,
47,
47,
47,
47,
47,
47,
47,
46,
46,
39,
38,
32,
32,
26,
25,
25,
19,
18,
18,
18,
17,
13,
12,
11,
11,
11,
11,
11,
11,
10,
5,
5,
5,
5,
5,
5,
4,
4,
4,
4,
4,
4,
4,
4,
4,
4,
4,
4,
4,
3,
3,
1,
0,
2873,
2485,
2256,
2124,
1962,
1697,
1472,
1370,
1284,
1283,
1115,
961,
828,
716,
618,
534,
527,
464,
407,
407,
407,
407,
407,
401,
352,
303,
261,
226,
191,
164,
142,
121,
107,
93,
79,
65,
58,
51,
43,
37,
30,
23,
22,
16,
15,
9,
9,
9,
4,
3,
2,
2,
2,
2,
2,
2,
1,
1,
2702,
2569,
2295,
1981,
1799,
1715,
1603,
1386,
1197,
1036,
981,
861,
861,
861,
784,
679,
588,
511,
441,
384,
330,
287,
246,
217,
188,
161,
161,
161,
161,
161,
161,
146,
126,
112,
98,
84,
77,
70,
63,
56,
49,
43,
43,
43,
43,
43,
43,
43,
43,
43,
43,
43,
43,
43,
43,
43,
43,
43,
43,
43,
43,
43,
43,
43,
43,
43,
43,
43,
43,
43,
43,
43,
43,
43,
43,
43,
43,
43,
43,
43,
43,
43,
43,
43,
43,
43,
43,
43,
43,
43,
42,
35,
31,
28,
22,
21,
15,
14,
14,
8,
7,
7,
7,
6,
1,
0,
2616,
2336,
2210,
2021,
1742,
1504,
1398,
1356,
1307,
1132,
978,
845,
733,
649,
649,
565,
523,
523,
523,
523,
488,
424,
363,
314,
271,
236,
207,
179,
152,
131,
116,
96,
83,
75,
61,
54,
47,
40,
33,
26,
26,
19,
19,
12,
12,
11,
5,
5,
5,
5,
0,
2719,
2628,
2271,
1970,
1795,
1782,
1550,
1346,
1165,
1039,
919,
913,
913,
829,
723,
626,
542,
465,
402,
347,
304,
262,
221,
206,
206,
206,
206,
186,
164,
143,
122,
108,
94,
81,
80,
80,
80,
80,
80,
80,
80,
80,
80,
80,
80,
80,
80,
80,
80,
80,
80,
80,
80,
80,
80,
80,
80,
80,
80,
80,
74,
66,
59,
52,
45,
38,
31,
24,
24,
18,
17,
16,
10,
10,
9,
3,
3,
3,
3,
3,
2,
2612,
2353,
2235,
2010,
1737,
1520,
1401,
1394,
1296,
1121,
967,
835,
722,
673,
632,
548,
542,
542,
542,
533,
463,
401,
351,
302,
260,
225,
197,
169,
148,
127,
106,
92,
78,
71,
57,
50,
43,
36,
30,
29,
22,
22,
15,
15,
9,
8,
8,
8,
8,
2,
1,
1,
1,
1,
1,
1,
1,
1,
1,
1,
2680,
2596,
2246,
1945,
1778,
1764,
1525,
1321,
1140,
1014,
899,
882,
882,
818,
711,
615,
531,
461,
398,
342,
294,
257,
217,
188,
168,
168,
168,
168,
168,
154,
139,
118,
104,
90,
83,
69,
62,
55,
48,
48,
48,
48,
48,
48,
48,
48,
48,
48,
48,
48,
48,
48,
48,
48,
48,
48,
48,
48,
48,
48,
48,
48,
48,
48,
48,
48,
48,
48,
48,
48,
48,
48,
48,
48,
48,
48,
48,
48,
48,
48,
48,
48,
48,
48,
41,
35,
34,
27,
21,
20,
19,
13,
13,
11,
6,
6,
6,
6,
5,
0,
