1,
3,
9,
10,
3,
2,
3,
3,
3,
0,
2,
12,
3,
4,
4,
4,
3,
0,
4,
12,
12,
0,
7,
0,
5,
9,
7,
7,
3,
2,
0,
3,
6,
8,
5,
7,
1,
6,
10,
8,
8,
5,
2,
1,
1,
9,
4,
3,
4,
4,
4,
0,
4,
10,
5,
5,
5,
5,
2,
0,
6,
6,
10,
3,
0,
7,
13,
0,
5,
5,
5,
1,
1,
0,
3,
3,
3,
3,
15,
2,
0,
1,
11,
3,
3,
3,
3,
3,
3,
0,
1,
8,
4,
9,
4,
4,
2,
0,
2,
2,
2,
2,
6,
2,
2,
2,
2,
2,
0,
11,
15,
2,
2,
2,
2,
2,
2,
2,
2,
2,
2,
1,
4,
4,
4,
4,
14,
1,
0,
4,
15,
3,
5,
5,
5,
3,
0,
3,
3,
3,
3,
14,
3,
3,
0,
2,
2,
2,
2,
2,
2,
2,
11,
0,
6,
9,
5,
5,
5,
9,
1,
1,
0,
1,
1,
1,
1,
1,
10,
1,
1,
1,
1,
1,
1,
1,
1,
1,
1,
1,
1,
1,
1,
0,
10,
11,
9,
9,
0,
1,
1,
0,
17,
223,
223,
9,
1,
1,
0,
0,
0,
15,
3,
3,
3,
3,
3,
3,
1,
1,
0,
4,
4,
4,
4,
1,
17,
1,
0,
7,
7,
2,
12004,
1,
0,
11790,
11231,
10278,
9368,
8458,
7681,
6856,
6147,
5664,
5190,
4581,
4335,
3754,
3502,
3151,
2788,
2663,
2382,
2081,
1899,
1860,
1675,
1451,
1255,
1150,
1032,
1024,
1024,
904,
786,
688,
597,
521,
456,
394,
345,
324,
324,
289,
254,
226,
205,
205,
205,
205,
205,
205,
205,
205,
205,
205,
198,
171,
149,
128,
114,
99,
85,
72,
61,
51,
44,
37,
31,
30,
23,
23,
16,
16,
15,
9,
9,
9,
3,
2,
2,
2,
2,
2,
2,
1,
0,
6,
2639,
2362,
2310,
2010,
1912,
1840,
1813,
1687,
1687,
1687,
1644,
1559,
1503,
1307,
1138,
992,
866,
796,
698,
698,
698,
691,
600,
523,
460,
397,
348,
299,
257,
223,
194,
167,
146,
125,
110,
96,
82,
69,
61,
53,
47,
40,
33,
26,
20,
19,
19,
19,
19,
19,
19,
19,
19,
19,
19,
19,
19,
19,
19,
19,
19,
19,
19,
19,
19,
19,
19,
19,
19,
19,
19,
19,
19,
19,
19,
19,
19,
19,
19,
19,
19,
19,
19,
19,
19,
19,
19,
19,
19,
19,
19,
19,
19,
19,
19,
19,
13,
13,
12,
12,
12,
12,
12,
6,
6,
6,
5,
5,
5,
5,
5,
5,
5,
5,
5,
5,
5,
4,
4,
3,
0,
8,
7,
7,
7,
7,
7,
7,
6,
5,
1,
1,
1,
1,
1,
198950,
12004,
11779,
11521,
11395,
11137,
10885,
10763,
10521,
10394,
10142,
10015,
9834,
9632,
9506,
9253,
9127,
9001,
8812,
8623,
8497,
8371,
8239,
8007,
7867,
7739,
7609,
7482,
7356,
7227,
7097,
6971,
6844,
6712,
6586,
6460,
6328,
6201,
6075,
5970,
5949,
5823,
5696,
5572,
5445,
5438,
5319,
5193,
5067,
5067,
4941,
4815,
4717,
4689,
4563,
4485,
4437,
4311,
4311,
4185,
4055,
4055,
3932,
3932,
3808,
3808,
3681,
3639,
3555,
3492,
3429,
3380,
3303,
3296,
3177,
3177,
3051,
3051,
2919,
2919,
2855,
2799,
2799,
2666,
2666,
2639,
2540,
2540,
2422,
2414,
2414,
2289,
2289,
2289,
2169,
2163,
2163,
2120,
2038,
2038,
2038,
1917,
1917,
1917,
1882,
1791,
1791,
1791,
1735,
1672,
1672,
1672,
1651,
1553,
1553,
1553,
1553,
1427,
1427,
1427,
1427,
1427,
1302,
1302,
1302,
1302,
1302,
1237,
1176,
1176,
1176,
1176,
1176,
1098,
1050,
1050,
1050,
1050,
1050,
1050,
930,
929,
929,
929,
929,
929,
929,
874,
804,
804,
804,
804,
804,
804,
804,
804,
720,
678,
678,
678,
678,
678,
678,
678,
678,
678,
629,
552,
552,
552,
552,
552,
552,
552,
552,
552,
552,
552,
545,
482,
426,
426,
426,
426,
426,
426,
426,
426,
426,
426,
426,
426,
426,
426,
426,
384,
336,
302,
302,
302,
302,
302,
302,
302,
302,
302,
302,
302,
302,
302,
302,
302,
302,
302,
302,
302,
302,
302,
272,
237,
203,
180,
180,
180,
180,
180,
180,
180,
180,
180,
180,
180,
180,
180,
180,
180,
180,
180,
180,
180,
180,
180,
180,
180,
180,
180,
180,
180,
180,
180,
180,
180,
180,
180,
180,
180,
165,
145,
125,
111,
97,
83,
76,
63,
56,
56,
56,
56,
56,
56,
56,
56,
56,
56,
56,
56,
56,
56,
56,
56,
56,
56,
56,
56,
56,
56,
56,
56,
56,
56,
56,
56,
56,
56,
56,
56,
56,
56,
56,
56,
56,
56,
56,
56,
56,
56,
56,
56,
56,
56,
56,
56,
56,
56,
56,
56,
56,
56,
56,
56,
56,
56,
56,
56,
56,
56,
56,
56,
56,
56,
56,
56,
56,
56,
56,
56,
56,
56,
56,
56,
56,
56,
56,
56,
56,
56,
56,
56,
56,
56,
56,
56,
56,
56,
56,
56,
56,
56,
56,
56,
56,
56,
56,
56,
56,
56,
56,
56,
56,
56,
56,
56,
56,
56,
56,
56,
56,
56,
55,
48,
41,
35,
34,
28,
27,
27,
20,
20,
20,
14,
13,
13,
13,
13,
13,
10,
7,
6,
6,
6,
6,
6,
6,
6,
6,
5,
5,
0,
22,
22,
21,
15,
15,
15,
15,
9,
9,
8,
8,
8,
8,
8,
8,
8,
7,
2,
2,
2,
2,
2,
2,
1,
1,
1,
1,
1,
1,
1,
1,
1,
1,
1,
1,
1,
1,
1,
1,
1,
1,
1,
1,
1,
1,
1,
1,
1,
1,
1,
1,
1,
1,
1,
1,
1,
1,
1,
1,
1,
1,
1,
1,
1,
1,
1,
1,
1,
1,
1,
1,
1,
1,
1,
1,
1,
1,
1,
1,
1,
1,
1,
1,
1,
1,
1,
1,
1,
1,
1,
1,
1,
1,
1,
1,
1,
1,
1,
1,
1,
1,
0,
27,
27,
20,
20,
14,
13,
13,
13,
13,
13,
13,
13,
13,
13,
13,
13,
13,
13,
13,
13,
13,
13,
13,
13,
13,
13,
13,
13,
13,
13,
13,
13,
13,
13,
13,
13,
13,
13,
13,
13,
13,
13,
13,
13,
13,
13,
13,
13,
13,
13,
13,
13,
13,
13,
13,
13,
13,
13,
13,
13,
13,
13,
13,
13,
13,
13,
13,
13,
13,
13,
13,
13,
13,
13,
13,
13,
13,
13,
13,
13,
13,
13,
13,
13,
13,
13,
13,
13,
13,
13,
13,
13,
13,
13,
13,
13,
13,
13,
13,
13,
13,
13,
13,
13,
13,
13,
13,
13,
13,
13,
13,
13,
13,
13,
13,
13,
13,
13,
13,
13,
13,
13,
13,
13,
13,
13,
13,
13,
13,
13,
13,
13,
13,
13,
13,
13,
13,
13,
13,
13,
13,
13,
13,
13,
13,
13,
13,
13,
13,
13,
13,
13,
13,
13,
13,
13,
13,
13,
13,
13,
13,
13,
13,
13,
13,
13,
13,
13,
13,
13,
13,
13,
13,
13,
13,
13,
13,
13,
13,
13,
13,
13,
13,
13,
13,
13,
13,
13,
13,
13,
13,
13,
13,
13,
13,
13,
13,
13,
13,
13,
13,
13,
13,
13,
13,
13,
13,
13,
13,
13,
13,
13,
13,
13,
13,
13,
13,
13,
13,
13,
13,
13,
13,
13,
13,
13,
13,
13,
13,
13,
13,
13,
13,
13,
13,
13,
13,
13,
13,
13,
13,
13,
13,
13,
13,
13,
13,
13,
13,
13,
13,
13,
13,
13,
13,
13,
13,
13,
13,
13,
13,
13,
13,
13,
13,
13,
13,
13,
13,
13,
13,
13,
13,
13,
13,
13,
13,
13,
13,
13,
13,
13,
13,
13,
13,
13,
13,
13,
13,
13,
13,
13,
13,
13,
13,
13,
13,
13,
13,
13,
13,
13,
13,
13,
13,
13,
13,
13,
13,
13,
13,
13,
13,
13,
13,
13,
13,
13,
13,
13,
13,
13,
13,
13,
13,
13,
13,
13,
13,
13,
13,
13,
13,
13,
13,
13,
13,
13,
13,
13,
13,
13,
13,
13,
13,
13,
13,
13,
13,
13,
13,
13,
13,
13,
13,
13,
13,
13,
13,
13,
13,
13,
13,
13,
13,
13,
13,
13,
13,
13,
13,
13,
13,
13,
13,
13,
13,
13,
13,
13,
13,
13,
13,
13,
13,
13,
13,
13,
13,
13,
13,
13,
13,
13,
13,
13,
13,
13,
13,
13,
13,
13,
13,
13,
13,
13,
13,
13,
13,
13,
13,
13,
13,
13,
13,
13,
13,
13,
13,
13,
13,
13,
13,
13,
13,
13,
13,
13,
13,
13,
13,
13,
13,
13,
13,
13,
13,
13,
13,
13,
13,
13,
13,
13,
13,
13,
13,
13,
13,
13,
13,
13,
13,
13,
13,
13,
13,
13,
13,
13,
13,
13,
13,
13,
13,
13,
13,
13,
13,
13,
13,
13,
13,
13,
13,
13,
13,
13,
13,
13,
13,
13,
13,
13,
13,
13,
13,
13,
13,
13,
13,
13,
13,
13,
13,
13,
13,
13,
13,
13,
13,
13,
13,
13,
13,
13,
13,
13,
13,
13,
13,
13,
12,
683243,
2116,
1934,
1682,
1459,
1346,
1283,
1269,
1101,
954,
828,
716,
623,
535,
520,
450,
408,
408,
408,
408,
408,
400,
346,
303,
265,
233,
204,
177,
150,
135,
114,
100,
86,
79,
65,
58,
51,
44,
38,
36,
30,
23,
23,
22,
16,
16,
9,
9,
9,
7,
2,
2,
2,
2,
2,
2,
1,
0,
2751,
2640,
2331,
2030,
1846,
1820,
1637,
1428,
1246,
1127,
1019,
1008,
1008,
896,
784,
679,
594,
518,
449,
392,
343,
301,
287,
279,
243,
210,
183,
167,
167,
167,
167,
167,
167,
167,
167,
167,
167,
167,
167,
167,
154,
133,
119,
99,
91,
77,
64,
62,
49,
42,
35,
35,
29,
28,
21,
21,
14,
14,
12,
7,
7,
7,
7,
7,
6,
1,
1,
843,
738,
648,
570,
493,
445,
445,
409,
355,
325,
325,
325,
325,
325,
325,
325,
283,
248,
213,
185,
164,
137,
122,
102,
87,
74,
66,
59,
51,
39,
38,
31,
25,
24,
17,
17,
11,
10,
10,
9,
3,
3,
3,
3,
3,
2,
0,
29,
23,
22,
16,
15,
14,
8,
8,
8,
7,
2,
1,
1,
1,
1,
1,
1,
1,
0,
27,
21,
20,
14,
13,
13,
7,
6,
6,
6,
6,
0,
32,
25,
25,
18,
18,
11,
11,
11,
4,
4,
4,
4,
4,
3,
0,
30,
23,
23,
16,
16,
10,
9,
9,
9,
3,
2,
2,
2,
2,
2,
2,
2,
1,
0,
28,
22,
21,
15,
14,
14,
8,
7,
7,
7,
1,
1,
32,
26,
20,
19,
13,
12,
12,
6,
5,
5,
5,
5,
0,
31,
24,
23,
17,
17,
10,
10,
10,
4,
3,
3,
3,
3,
3,
1,
29,
22,
22,
15,
15,
14,
8,
8,
8,
7,
2,
1,
1,
1,
1,
1,
1,
1,
0,
27,
21,
20,
19,
14,
13,
13,
7,
6,
6,
6,
5,
0,
32,
25,
24,
18,
18,
11,
11,
11,
5,
4,
4,
4,
4,
3,
0,
30,
23,
23,
16,
16,
13,
10,
10,
10,
10,
10,
10,
10,
10,
10,
10,
10,
10,
10,
10,
10,
10,
10,
10,
10,
10,
10,
10,
10,
10,
10,
10,
10,
10,
10,
10,
10,
10,
10,
10,
10,
10,
10,
10,
10,
10,
10,
10,
10,
10,
10,
10,
10,
10,
10,
10,
10,
10,
10,
10,
10,
10,
10,
10,
10,
10,
10,
10,
10,
10,
10,
10,
10,
10,
10,
10,
10,
10,
10,
10,
10,
10,
10,
10,
10,
10,
10,
10,
10,
10,
10,
10,
10,
10,
10,
10,
10,
10,
10,
10,
10,
10,
10,
10,
10,
10,
10,
10,
10,
10,
10,
10,
10,
10,
10,
10,
10,
10,
10,
10,
10,
10,
10,
10,
10,
10,
10,
10,
10,
10,
10,
10,
10,
10,
10,
10,
10,
10,
10,
10,
10,
10,
10,
10,
10,
10,
10,
10,
10,
10,
10,
10,
10,
10,
10,
10,
10,
10,
10,
10,
10,
10,
10,
10,
10,
10,
10,
10,
10,
10,
10,
10,
10,
10,
10,
10,
10,
10,
10,
10,
10,
10,
10,
10,
10,
10,
10,
10,
10,
10,
10,
10,
10,
9,
9,
9,
9,
9,
9,
9,
9,
9,
9,
8,
3,
3,
2,
2,
2,
2,
2,
2,
2,
2,
2,
2,
2,
2,
2,
2,
2,
2,
2,
2,
2,
2,
2,
2,
2,
2,
2,
2,
2,
2,
1,
1,
1,
1,
1,
1,
1,
1,
1,
0,
28,
22,
21,
21,
15,
14,
14,
13,
8,
7,
7,
7,
7,
7,
7,
5,
1,
1,
1,
1,
1,
1,
1,
1,
1,
1,
1,
1,
1,
1,
1,
1,
1,
0,
72894,
721,
721,
721,
678,
587,
515,
446,
385,
334,
292,
251,
222,
188,
166,
145,
124,
104,
90,
82,
68,
60,
48,
41,
36,
33,
26,
26,
26,
26,
26,
26,
26,
26,
26,
26,
26,
26,
26,
26,
26,
26,
26,
26,
26,
26,
26,
26,
26,
26,
26,
26,
26,
26,
26,
26,
26,
26,
26,
21,
19,
19,
19,
17,
13,
12,
12,
12,
12,
12,
12,
12,
11,
6,
6,
6,
6,
5,
5,
5,
5,
5,
5,
5,
5,
5,
5,
5,
5,
5,
5,
5,
5,
5,
5,
5,
4,
4,
4,
0,
2887,
2522,
2278,
2153,
2013,
1760,
1536,
1424,
1348,
1334,
1165,
1017,
885,
773,
678,
678,
604,
557,
557,
557,
557,
507,
438,
381,
333,
291,
255,
221,
193,
171,
149,
129,
115,
95,
86,
74,
66,
53,
52,
45,
38,
31,
24,
24,
18,
17,
17,
17,
10,
10,
10,
4,
3,
3,
3,
3,
3,
0,
2793,
2654,
2298,
2080,
1950,
1821,
1576,
1366,
1241,
1119,
1114,
1094,
953,
821,
709,
617,
533,
462,
400,
380,
372,
323,
281,
259,
259,
259,
259,
259,
259,
259,
259,
246,
211,
183,
156,
135,
120,
99,
86,
78,
64,
57,
49,
40,
36,
29,
22,
22,
15,
15,
9,
8,
8,
8,
2,
1,
1,
1,
1,
1,
1,
0,
2730,
2603,
2463,
2141,
1861,
1686,
1665,
1440,
1245,
1077,
937,
811,
754,
754,
754,
678,
587,
510,
441,
384,
335,
286,
251,
216,
187,
160,
139,
118,
104,
90,
76,
63,
55,
48,
41,
34,
27,
27,
20,
19,
13,
13,
7,
6,
6,
6,
6,
1,
2818,
2517,
2181,
1978,
1972,
1726,
1495,
1299,
1215,
1138,
1138,
1026,
893,
773,
669,
578,
502,
438,
437,
417,
364,
319,
311,
311,
311,
311,
311,
311,
305,
263,
229,
200,
178,
152,
131,
116,
102,
88,
75,
67,
60,
53,
46,
39,
33,
32,
25,
24,
18,
17,
11,
11,
11,
10,
5,
4,
4,
4,
4,
4,
4,
4,
3,
0,
2669,
2536,
2338,
2026,
1829,
1705,
1655,
1441,
1248,
1080,
1003,
899,
877,
877,
821,
710,
618,
534,
463,
401,
345,
298,
261,
226,
192,
170,
149,
149,
149,
149,
148,
135,
115,
101,
92,
79,
68,
58,
52,
50,
44,
37,
36,
30,
30,
30,
30,
30,
30,
30,
30,
30,
30,
30,
30,
30,
30,
30,
30,
30,
30,
30,
30,
30,
30,
30,
30,
30,
30,
30,
30,
30,
30,
30,
30,
30,
30,
30,
30,
30,
30,
30,
30,
30,
30,
30,
30,
30,
30,
30,
30,
30,
30,
30,
30,
30,
30,
30,
30,
30,
30,
30,
30,
30,
30,
30,
30,
30,
30,
30,
30,
30,
30,
30,
30,
24,
23,
22,
16,
16,
10,
9,
9,
9,
9,
8,
3,
3,
3,
2,
2,
2,
2,
2,
2,
2,
2,
2,
1,
0,
2645,
2374,
2254,
2066,
1792,
1554,
1443,
1421,
1337,
1162,
1008,
883,
883,
883,
785,
763,
763,
756,
658,
574,
504,
439,
378,
335,
288,
252,
222,
192,
168,
147,
127,
112,
98,
84,
77,
64,
56,
49,
42,
38,
35,
28,
21,
21,
15,
14,
14,
14,
8,
7,
7,
7,
6,
1,
0,
2869,
2525,
2203,
1979,
1930,
1678,
1454,
1265,
1153,
1118,
1118,
985,
859,
747,
649,
565,
488,
432,
432,
411,
356,
313,
306,
306,
306,
306,
306,
306,
299,
264,
228,
194,
167,
145,
124,
110,
96,
82,
68,
61,
49,
41,
39,
33,
26,
26,
19,
19,
12,
12,
12,
6,
5,
5,
5,
5,
4,
0,
2615,
2488,
2327,
2012,
1767,
1641,
1641,
1431,
1235,
1073,
927,
899,
800,
800,
800,
732,
640,
563,
487,
430,
373,
325,
283,
248,
213,
186,
164,
143,
129,
108,
107,
107,
107,
107,
107,
101,
94,
87,
80,
66,
59,
52,
46,
45,
38,
37,
31,
25,
24,
24,
24,
18,
18,
17,
17,
16,
11,
10,
10,
10,
10,
10,
10,
10,
10,
10,
9,
9,
9,
9,
9,
9,
9,
9,
9,
9,
9,
9,
9,
9,
9,
9,
9,
9,
9,
9,
9,
9,
9,
9,
9,
9,
9,
9,
9,
9,
9,
9,
9,
9,
9,
9,
9,
9,
9,
9,
9,
9,
9,
9,
9,
9,
9,
9,
9,
9,
9,
9,
9,
9,
9,
9,
9,
9,
9,
9,
9,
9,
9,
9,
9,
9,
9,
9,
9,
9,
9,
9,
9,
9,
9,
9,
9,
9,
9,
9,
9,
9,
9,
9,
9,
9,
9,
9,
9,
9,
9,
9,
9,
9,
9,
9,
9,
9,
9,
9,
9,
9,
9,
9,
9,
9,
9,
9,
9,
9,
9,
9,
9,
9,
9,
9,
9,
9,
9,
9,
9,
9,
9,
9,
9,
9,
9,
9,
9,
9,
9,
9,
9,
9,
9,
9,
9,
9,
9,
9,
9,
9,
9,
9,
9,
9,
9,
9,
9,
9,
9,
9,
9,
9,
9,
9,
9,
9,
9,
9,
9,
9,
9,
9,
9,
9,
9,
9,
9,
9,
9,
9,
9,
9,
9,
9,
9,
9,
9,
9,
9,
9,
9,
9,
9,
9,
9,
9,
9,
9,
9,
9,
9,
9,
9,
9,
9,
9,
9,
9,
9,
9,
9,
9,
9,
9,
9,
9,
9,
9,
9,
9,
9,
9,
9,
9,
9,
9,
9,
9,
9,
9,
9,
9,
9,
9,
9,
9,
9,
9,
9,
9,
9,
9,
9,
9,
9,
9,
9,
9,
9,
9,
4,
3,
3,
3,
3,
3,
2,
0,
2613,
2290,
2164,
2025,
1765,
1528,
1373,
1296,
1296,
1128,
981,
848,
736,
638,
554,
527,
462,
421,
421,
421,
421,
421,
393,
344,
295,
254,
224,
190,
163,
141,
125,
106,
92,
78,
71,
57,
50,
43,
36,
29,
28,
22,
16,
15,
15,
9,
8,
8,
8,
2,
1,
1,
1,
1,
1,
1,
1,
1,
1,
2715,
2590,
2288,
1980,
1791,
1734,
1595,
1384,
1196,
1035,
972,
874,
874,
874,
768,
664,
573,
496,
427,
370,
321,
279,
238,
209,
181,
153,
153,
153,
153,
153,
146,
132,
118,
101,
90,
77,
69,
62,
54,
48,
41,
34,
34,
34,
34,
34,
34,
34,
34,
34,
34,
34,
34,
34,
34,
34,
34,
34,
34,
34,
34,
34,
34,
34,
34,
34,
34,
34,
34,
34,
34,
34,
34,
34,
34,
34,
34,
34,
34,
34,
34,
34,
34,
34,
34,
34,
34,
34,
34,
34,
34,
34,
34,
34,
34,
34,
34,
34,
34,
34,
34,
34,
34,
34,
34,
28,
27,
20,
20,
14,
13,
13,
10,
7,
6,
6,
6,
6,
6,
6,
6,
6,
5,
0,
2641,
2398,
2279,
2090,
1823,
1593,
1473,
1473,
1355,
1180,
1033,
900,
794,
774,
683,
676,
676,
676,
599,
522,
458,
396,
347,
305,
263,
229,
201,
179,
151,
137,
116,
102,
88,
81,
67,
60,
53,
46,
39,
32,
29,
25,
25,
19,
18,
17,
11,
11,
10,
5,
4,
4,
4,
4,
4,
4,
4,
4,
4,
4,
4,
4,
4,
4,
4,
4,
4,
4,
4,
4,
4,
4,
4,
4,
4,
4,
4,
4,
4,
4,
4,
4,
4,
4,
4,
4,
4,
4,
4,
4,
4,
4,
4,
4,
4,
4,
4,
4,
4,
4,
4,
4,
4,
4,
4,
4,
4,
4,
4,
4,
4,
4,
4,
4,
4,
4,
4,
4,
4,
4,
4,
4,
4,
4,
4,
4,
4,
4,
4,
4,
4,
4,
4,
4,
4,
4,
4,
4,
4,
4,
4,
4,
4,
4,
4,
4,
4,
4,
4,
4,
4,
4,
4,
4,
4,
4,
4,
4,
4,
4,
4,
4,
4,
4,
4,
4,
4,
4,
4,
4,
4,
4,
4,
4,
4,
4,
4,
4,
4,
4,
4,
4,
4,
4,
4,
4,
4,
4,
4,
4,
4,
4,
4,
4,
4,
4,
4,
4,
4,
4,
4,
4,
4,
4,
4,
4,
4,
4,
4,
4,
4,
4,
4,
4,
4,
4,
4,
4,
4,
4,
4,
4,
4,
4,
4,
4,
4,
4,
4,
4,
4,
4,
4,
4,
4,
4,
4,
4,
4,
4,
4,
4,
4,
4,
4,
4,
4,
4,
4,
4,
4,
4,
4,
4,
4,
4,
4,
4,
4,
4,
4,
4,
4,
4,
3,
3,
3,
370925,
1196,
1196,
1130,
987,
864,
752,
654,
570,
529,
528,
463,
408,
408,
408,
408,
408,
402,
353,
305,
269,
234,
206,
178,
157,
136,
122,
101,
94,
80,
67,
65,
52,
45,
38,
37,
31,
25,
24,
18,
17,
17,
10,
10,
10,
9,
4,
4,
3,
3,
3,
3,
3,
3,
3,
3,
3,
3,
3,
2,
0,
922,
921,
921,
2723,
921,
921,
921,
2619,
921,
885,
842,
2373,
842,
842,
2067,
842,
842,
842,
1885,
842,
828,
1877,
731,
730,
1674,
730,
730,
730,
1457,
730,
730,
1261,
730,
1178,
730,
695,
1099,
639,
639,
1099,
639,
1057,
639,
639,
918,
639,
639,
799,
639,
694,
639,
603,
639,
533,
603,
491,
569,
464,
464,
569,
421,
569,
365,
569,
341,
341,
569,
341,
341,
569,
341,
569,
341,
324,
569,
288,
246,
569,
218,
190,
162,
569,
141,
120,
106,
92,
569,
78,
71,
58,
57,
50,
44,
43,
37,
542,
36,
35,
29,
29,
23,
22,
22,
21,
16,
15,
15,
15,
14,
9,
8,
8,
8,
8,
8,
7,
5,
2,
2,
1,
1,
1,
1,
1,
1,
1,
1,
1,
507,
1,
1,
1,
1,
0,
500,
500,
500,
500,
500,
500,
500,
500,
500,
500,
500,
500,
464,
402,
380,
380,
380,
380,
380,
380,
380,
380,
380,
380,
380,
380,
380,
380,
380,
380,
359,
315,
275,
260,
260,
260,
260,
260,
260,
260,
260,
260,
260,
260,
260,
260,
260,
260,
260,
260,
260,
260,
260,
260,
260,
260,
254,
226,
198,
171,
150,
135,
135,
135,
135,
135,
135,
135,
135,
135,
135,
135,
135,
135,
135,
135,
135,
135,
135,
135,
135,
135,
135,
135,
135,
135,
135,
135,
135,
135,
135,
135,
135,
135,
135,
135,
135,
135,
135,
135,
135,
135,
135,
135,
135,
135,
135,
134,
121,
107,
93,
79,
72,
65,
57,
50,
44,
37,
31,
30,
30,
23,
23,
23,
23,
23,
23,
23,
23,
23,
23,
23,
23,
23,
23,
23,
23,
23,
23,
23,
23,
23,
23,
23,
23,
23,
23,
23,
23,
23,
23,
23,
23,
23,
23,
23,
23,
23,
23,
23,
23,
23,
23,
23,
23,
23,
23,
23,
23,
23,
23,
23,
23,
23,
23,
23,
23,
23,
23,
23,
23,
23,
23,
23,
23,
23,
23,
23,
23,
23,
23,
23,
23,
23,
23,
23,
23,
23,
23,
23,
23,
23,
23,
23,
23,
23,
23,
23,
23,
23,
23,
23,
23,
23,
23,
23,
23,
23,
23,
23,
23,
23,
23,
23,
23,
23,
23,
23,
23,
23,
23,
23,
23,
23,
23,
23,
23,
23,
23,
23,
23,
23,
23,
23,
23,
23,
23,
23,
23,
23,
23,
23,
23,
23,
23,
23,
23,
23,
23,
23,
23,
23,
23,
23,
23,
23,
23,
23,
23,
23,
23,
23,
23,
23,
23,
23,
23,
23,
23,
23,
23,
23,
23,
23,
23,
23,
23,
23,
23,
23,
23,
23,
23,
23,
23,
23,
23,
23,
23,
23,
23,
23,
23,
23,
23,
23,
23,
23,
23,
23,
23,
23,
23,
23,
23,
23,
23,
23,
23,
23,
23,
23,
23,
23,
23,
23,
23,
23,
23,
23,
23,
23,
23,
23,
23,
23,
23,
23,
23,
23,
23,
23,
23,
23,
23,
23,
23,
23,
23,
23,
23,
23,
23,
23,
23,
23,
23,
23,
23,
23,
23,
23,
23,
23,
23,
23,
23,
23,
23,
23,
23,
23,
23,
23,
23,
23,
23,
23,
23,
23,
23,
23,
23,
23,
23,
23,
23,
23,
23,
23,
23,
23,
23,
23,
23,
23,
23,
23,
23,
23,
23,
23,
23,
23,
23,
17,
17,
16,
16,
16,
15,
10,
9,
9,
9,
9,
8,
5,
3,
3,
3,
2,
2,
2,
2,
2,
2,
2,
2,
2,
2,
2,
2,
2,
2,
2,
2,
2,
2,
2,
2,
2,
2,
2,
2,
2,
2,
1,
1,
1,
1,
1,
1,
1,
1,
1,
0,
2303,
2171,
2101,
1855,
1604,
1492,
1380,
1380,
1212,
1050,
910,
792,
700,
646,
568,
519,
519,
519,
519,
491,
428,
372,
323,
281,
246,
211,
183,
169,
161,
142,
127,
106,
92,
78,
70,
57,
50,
43,
36,
30,
29,
22,
21,
15,
15,
8,
8,
8,
7,
2,
1,
1,
1,
1,
1,
1,
1,
0,
78,
68,
57,
50,
43,
36,
36,
30,
29,
29,
23,
22,
22,
22,
16,
15,
15,
15,
15,
11,
9,
9,
8,
8,
8,
7,
2,
1,
1,
1,
1,
1,
1,
1,
1,
57,
57,
57,
57,
57,
57,
57,
57,
57,
57,
57,
57,
57,
57,
57,
57,
57,
57,
57,
57,
57,
57,
57,
50,
50,
43,
43,
39,
36,
36,
30,
29,
23,
22,
22,
16,
15,
15,
15,
11,
9,
9,
8,
8,
8,
8,
8,
7,
2,
2,
2,
2,
2,
2,
1,
1,
1,
1,
1,
1,
1,
1,
1,
1,
1,
1,
1,
1,
1,
1,
1,
1,
1,
1,
1,
1,
1,
1,
1,
1,
1,
1,
1,
1,
1,
1,
1,
1,
1,
1,
1,
1,
1,
1,
1,
1,
1,
1,
1,
1,
1,
1,
1,
1,
1,
1,
1,
1,
1,
1,
1,
1,
1,
1,
1,
0,
82656,
2849,
2849,
2723,
2723,
2689,
2598,
2598,
2479,
2479,
2479,
2353,
2353,
2353,
2227,
2227,
2227,
2095,
2095,
2095,
2051,
1968,
1968,
1968,
1842,
1842,
1842,
1842,
1716,
1716,
1716,
1716,
1595,
1595,
1595,
1595,
1499,
1471,
1471,
1471,
1471,
1346,
1346,
1346,
1346,
1346,
1253,
1225,
1225,
1225,
1225,
1225,
1100,
1100,
1100,
1100,
1100,
1100,
1023,
981,
981,
981,
981,
981,
981,
925,
862,
862,
862,
862,
862,
862,
862,
820,
743,
743,
743,
743,
743,
743,
743,
743,
736,
653,
631,
631,
631,
631,
631,
631,
631,
631,
631,
624,
547,
512,
512,
512,
512,
512,
512,
512,
512,
512,
512,
512,
512,
476,
420,
392,
392,
392,
392,
392,
392,
392,
392,
392,
392,
392,
392,
392,
392,
392,
392,
351,
303,
268,
268,
268,
268,
268,
268,
268,
268,
268,
268,
268,
268,
268,
268,
268,
268,
268,
268,
268,
268,
268,
268,
268,
261,
233,
204,
183,
162,
155,
155,
155,
155,
155,
155,
155,
155,
155,
155,
155,
155,
155,
155,
155,
155,
155,
155,
155,
155,
155,
155,
155,
155,
155,
155,
155,
155,
155,
155,
155,
155,
155,
155,
155,
155,
155,
155,
155,
155,
141,
127,
113,
99,
85,
78,
65,
58,
50,
50,
43,
43,
43,
43,
43,
43,
43,
43,
43,
43,
43,
43,
43,
43,
43,
43,
43,
43,
43,
43,
43,
43,
43,
43,
43,
43,
43,
43,
43,
43,
43,
43,
43,
43,
43,
43,
43,
43,
43,
43,
43,
43,
43,
43,
43,
43,
43,
43,
43,
43,
43,
43,
43,
43,
43,
43,
43,
43,
43,
43,
43,
43,
43,
43,
43,
43,
43,
43,
43,
43,
43,
43,
43,
43,
43,
43,
43,
43,
43,
43,
43,
43,
43,
43,
43,
43,
43,
43,
43,
43,
43,
43,
43,
43,
43,
43,
43,
43,
43,
43,
43,
43,
43,
43,
43,
43,
43,
43,
43,
43,
43,
43,
43,
43,
43,
43,
43,
43,
43,
43,
43,
43,
43,
43,
43,
43,
43,
43,
43,
43,
43,
43,
43,
43,
43,
43,
43,
43,
43,
43,
43,
43,
43,
43,
43,
43,
43,
43,
43,
43,
37,
36,
30,
29,
23,
22,
22,
22,
16,
15,
15,
15,
15,
14,
9,
8,
8,
8,
8,
8,
8,
8,
8,
8,
8,
8,
7,
2,
2,
2,
2,
2,
2,
2,
2,
2,
2,
1,
1,
1,
1,
1,
1,
1,
1,
1,
1,
1,
1,
1,
1,
1,
1,
1,
1,
1,
1,
1,
1,
1,
1,
1,
1,
1,
1,
1,
1,
1,
1,
1,
1,
1,
1,
1,
1,
1,
1,
1,
1,
1,
1,
1,
1,
1,
1,
1,
1,
1,
1,
1,
1,
1,
1,
1,
1,
1,
1,
1,
1,
1,
1,
1,
1,
1,
1,
1,
1,
1,
1,
1,
1,
1,
1,
1,
1,
1,
1,
1,
1,
1,
1,
1,
1,
1,
1,
1,
1,
1,
1,
1,
1,
1,
1,
1,
1,
1,
1,
1,
1,
1,
1,
1,
1,
1,
1,
1,
1,
1,
1,
1,
1,
1,
1,
1,
1,
1,
1,
1,
1,
1,
1,
1,
1,
1,
1,
1,
1,
1,
1,
1,
1,
1,
1,
1,
1,
0,
49,
49,
42,
42,
35,
35,
34,
28,
28,
28,
21,
21,
21,
21,
21,
21,
21,
21,
21,
21,
21,
21,
21,
21,
21,
21,
21,
21,
21,
21,
21,
21,
21,
21,
21,
21,
21,
21,
21,
21,
21,
21,
21,
21,
21,
21,
21,
21,
21,
21,
21,
21,
21,
21,
21,
21,
21,
21,
21,
21,
21,
21,
21,
21,
21,
21,
21,
21,
21,
21,
21,
21,
21,
21,
21,
21,
21,
21,
21,
21,
21,
21,
21,
21,
21,
21,
21,
21,
21,
21,
21,
21,
21,
21,
21,
21,
21,
21,
21,
21,
21,
21,
21,
21,
21,
21,
21,
21,
21,
21,
21,
21,
21,
21,
21,
21,
21,
21,
21,
21,
21,
21,
21,
21,
21,
21,
21,
21,
21,
21,
21,
21,
21,
21,
21,
21,
21,
21,
21,
21,
21,
21,
21,
21,
21,
21,
21,
21,
21,
21,
21,
21,
21,
21,
21,
21,
21,
21,
21,
21,
21,
21,
21,
21,
21,
21,
21,
21,
21,
21,
21,
21,
21,
21,
21,
21,
21,
21,
21,
21,
21,
21,
21,
21,
21,
21,
21,
21,
21,
21,
21,
21,
21,
21,
21,
21,
21,
21,
21,
21,
21,
21,
21,
21,
21,
21,
21,
21,
21,
21,
21,
21,
21,
21,
21,
21,
21,
21,
21,
21,
21,
21,
21,
21,
21,
21,
21,
21,
21,
21,
21,
21,
21,
21,
21,
21,
21,
21,
21,
21,
21,
21,
21,
21,
21,
21,
21,
21,
21,
21,
21,
21,
21,
21,
21,
21,
21,
21,
21,
21,
21,
21,
21,
21,
21,
21,
21,
21,
21,
21,
21,
21,
21,
21,
21,
21,
21,
21,
21,
21,
21,
21,
21,
21,
21,
21,
21,
21,
21,
21,
21,
21,
21,
21,
21,
21,
21,
21,
21,
21,
21,
21,
21,
21,
21,
21,
21,
21,
21,
21,
21,
21,
21,
21,
21,
21,
21,
21,
21,
20,
15,
14,
14,
14,
14,
14,
8,
8,
8,
8,
7,
7,
7,
7,
7,
7,
7,
7,
7,
7,
7,
6,
6,
1,
1,
1,
1,
1,
1,
1,
1,
1,
1,
1,
1,
1,
1,
1,
1,
0,
2265,
2265,
2251,
2139,
2139,
2139,
2013,
2013,
2013,
1929,
1900,
1900,
1900,
1775,
1775,
1775,
1775,
1655,
1655,
1655,
1655,
1544,
1537,
1537,
1537,
1531,
1425,
1425,
1425,
1425,
1401,
1305,
1305,
1305,
1305,
1305,
1180,
1180,
1180,
1180,
1180,
1180,
1061,
1061,
1061,
1061,
1061,
1061,
1012,
941,
941,
941,
941,
941,
941,
936,
817,
815,
815,
815,
815,
815,
815,
815,
767,
690,
690,
690,
690,
690,
690,
690,
690,
690,
655,
571,
571,
571,
571,
571,
571,
571,
571,
571,
571,
571,
550,
482,
451,
451,
451,
451,
451,
451,
451,
451,
451,
451,
451,
451,
451,
451,
401,
353,
326,
326,
326,
326,
326,
326,
326,
326,
326,
326,
326,
326,
326,
326,
326,
326,
326,
326,
326,
298,
263,
229,
207,
207,
207,
207,
207,
207,
207,
207,
207,
207,
207,
207,
207,
207,
207,
207,
207,
207,
207,
207,
207,
207,
207,
207,
207,
207,
207,
207,
207,
207,
200,
179,
158,
137,
123,
109,
101,
101,
101,
101,
101,
101,
101,
101,
101,
101,
101,
101,
101,
101,
101,
101,
101,
101,
101,
101,
101,
101,
101,
101,
101,
101,
101,
101,
101,
101,
101,
101,
101,
101,
101,
101,
101,
101,
101,
101,
101,
101,
101,
101,
101,
101,
101,
101,
101,
101,
101,
101,
101,
101,
101,
101,
101,
101,
101,
101,
101,
101,
96,
88,
81,
73,
61,
53,
47,
45,
39,
33,
32,
31,
25,
25,
24,
18,
18,
18,
18,
18,
12,
11,
11,
11,
11,
11,
11,
10,
6,
5,
5,
5,
5,
4,
4,
4,
4,
4,
4,
4,
4,
4,
4,
4,
4,
4,
4,
4,
3,
2,
0,
90,
90,
90,
90,
90,
90,
90,
90,
90,
90,
90,
90,
90,
90,
90,
90,
90,
90,
90,
90,
90,
90,
90,
90,
90,
90,
90,
90,
90,
90,
90,
90,
90,
90,
90,
90,
90,
90,
90,
90,
90,
90,
90,
90,
90,
90,
90,
90,
90,
90,
90,
90,
90,
90,
90,
90,
90,
90,
90,
90,
90,
90,
90,
90,
90,
90,
90,
90,
90,
88,
75,
67,
60,
54,
49,
46,
39,
38,
32,
25,
25,
24,
18,
18,
18,
18,
18,
12,
11,
11,
11,
11,
11,
11,
11,
10,
6,
5,
5,
5,
4,
4,
4,
4,
4,
4,
4,
4,
4,
4,
4,
4,
3,
3,
0,
66,
66,
66,
66,
66,
66,
66,
66,
66,
66,
66,
66,
66,
66,
66,
66,
66,
66,
66,
66,
66,
66,
66,
66,
66,
66,
66,
66,
66,
66,
66,
66,
66,
66,
66,
66,
66,
66,
66,
66,
66,
66,
66,
66,
66,
66,
66,
66,
66,
66,
66,
66,
66,
66,
66,
66,
66,
66,
66,
66,
66,
66,
66,
66,
66,
66,
66,
66,
66,
66,
66,
66,
66,
66,
66,
66,
66,
66,
66,
66,
66,
66,
66,
66,
66,
66,
66,
66,
66,
66,
66,
66,
66,
66,
66,
66,
60,
53,
52,
46,
44,
39,
32,
32,
26,
25,
25,
19,
18,
18,
18,
12,
12,
11,
11,
11,
11,
11,
11,
11,
11,
5,
5,
5,
5,
5,
5,
5,
5,
4,
4,
4,
4,
4,
4,
4,
4,
4,
4,
4,
4,
4,
4,
4,
4,
4,
4,
4,
4,
4,
3,
3,
1,
0,
60,
59,
52,
52,
52,
52,
52,
52,
52,
52,
52,
52,
52,
52,
52,
52,
52,
52,
52,
52,
52,
52,
52,
52,
52,
52,
52,
52,
52,
52,
52,
52,
52,
52,
52,
52,
52,
52,
52,
52,
52,
52,
52,
52,
52,
52,
52,
52,
52,
52,
52,
52,
52,
52,
52,
52,
52,
52,
52,
52,
52,
52,
52,
52,
52,
52,
52,
52,
52,
52,
52,
52,
52,
52,
52,
52,
52,
52,
52,
52,
52,
52,
52,
52,
52,
52,
52,
52,
52,
52,
52,
52,
52,
52,
52,
52,
52,
52,
52,
52,
52,
52,
52,
52,
52,
52,
52,
52,
52,
52,
52,
52,
52,
52,
52,
52,
52,
52,
52,
52,
52,
52,
52,
52,
52,
51,
45,
44,
38,
38,
32,
31,
30,
24,
24,
24,
23,
18,
17,
17,
16,
10,
10,
10,
10,
10,
10,
10,
10,
9,
9,
4,
4,
4,
4,
3,
3,
3,
3,
3,
3,
3,
3,
3,
3,
3,
3,
3,
3,
3,
3,
3,
3,
3,
2,
2,
2,
2,
2,
2,
1,
0,
109,
102,
95,
89,
89,
89,
89,
89,
89,
89,
89,
89,
89,
89,
89,
89,
89,
89,
89,
89,
89,
89,
89,
89,
89,
89,
89,
89,
89,
89,
89,
89,
89,
89,
89,
89,
89,
89,
89,
89,
89,
89,
89,
89,
89,
89,
89,
89,
89,
89,
89,
89,
89,
89,
89,
89,
89,
89,
89,
89,
89,
89,
89,
89,
89,
89,
89,
89,
89,
89,
89,
89,
89,
88,
81,
74,
61,
53,
47,
46,
39,
34,
32,
31,
25,
25,
24,
19,
18,
18,
15,
12,
11,
11,
11,
11,
11,
11,
10,
9,
5,
5,
5,
4,
4,
4,
4,
4,
4,
4,
4,
4,
4,
4,
4,
3,
3,
0,
112,
112,
112,
112,
112,
112,
112,
112,
112,
112,
112,
112,
112,
112,
112,
112,
112,
112,
112,
112,
112,
112,
112,
112,
112,
112,
112,
112,
112,
112,
112,
112,
112,
112,
112,
112,
112,
112,
112,
112,
112,
112,
112,
112,
112,
112,
112,
112,
112,
112,
112,
112,
112,
112,
112,
111,
103,
96,
83,
75,
68,
55,
48,
47,
40,
33,
33,
26,
26,
20,
19,
19,
19,
18,
13,
12,
12,
12,
12,
12,
11,
6,
5,
5,
5,
5,
5,
5,
5,
5,
5,
5,
5,
5,
5,
5,
5,
5,
5,
5,
5,
5,
5,
5,
5,
5,
5,
5,
5,
5,
5,
5,
5,
5,
5,
5,
5,
5,
5,
5,
5,
5,
5,
5,
5,
5,
5,
5,
5,
5,
5,
5,
5,
5,
5,
5,
5,
5,
5,
5,
5,
5,
5,
5,
5,
5,
5,
5,
5,
5,
5,
5,
5,
5,
5,
5,
5,
5,
5,
5,
5,
5,
5,
5,
5,
5,
5,
5,
5,
5,
5,
5,
5,
5,
5,
5,
5,
5,
5,
5,
5,
5,
5,
5,
5,
5,
5,
5,
5,
5,
5,
5,
5,
5,
5,
5,
5,
5,
5,
5,
5,
5,
5,
5,
5,
5,
5,
5,
5,
5,
5,
5,
5,
5,
5,
5,
5,
5,
5,
5,
5,
5,
5,
5,
5,
5,
5,
5,
5,
5,
5,
5,
5,
5,
5,
5,
5,
5,
5,
5,
5,
5,
5,
5,
5,
5,
5,
5,
5,
5,
5,
5,
5,
5,
5,
5,
5,
5,
5,
5,
5,
5,
5,
5,
5,
5,
5,
5,
5,
5,
5,
5,
5,
5,
5,
5,
5,
5,
5,
5,
5,
5,
5,
5,
5,
5,
5,
5,
5,
5,
5,
5,
5,
5,
5,
5,
5,
5,
5,
5,
5,
5,
5,
5,
5,
5,
5,
5,
5,
5,
5,
5,
5,
5,
5,
5,
5,
5,
5,
5,
5,
5,
5,
5,
5,
5,
5,
5,
5,
5,
5,
5,
5,
5,
5,
5,
5,
5,
5,
5,
5,
5,
5,
5,
5,
5,
5,
5,
5,
5,
5,
5,
5,
5,
5,
5,
5,
5,
5,
5,
5,
5,
5,
5,
5,
5,
5,
5,
5,
5,
5,
5,
5,
5,
5,
5,
5,
5,
5,
5,
5,
5,
5,
5,
5,
5,
5,
5,
5,
5,
5,
5,
5,
5,
5,
5,
5,
5,
5,
5,
5,
5,
5,
5,
5,
5,
5,
5,
5,
5,
5,
5,
5,
5,
5,
5,
5,
5,
5,
5,
5,
5,
5,
5,
5,
5,
5,
5,
5,
5,
5,
5,
5,
5,
5,
5,
5,
5,
5,
5,
5,
5,
5,
5,
5,
5,
5,
5,
5,
5,
5,
5,
5,
5,
5,
5,
5,
5,
5,
5,
5,
5,
5,
5,
5,
5,
5,
5,
5,
5,
5,
5,
5,
5,
5,
5,
5,
5,
5,
5,
5,
5,
5,
5,
5,
5,
5,
5,
5,
5,
5,
5,
5,
5,
5,
5,
5,
5,
5,
5,
5,
5,
5,
5,
5,
5,
5,
5,
5,
5,
5,
5,
5,
5,
5,
5,
5,
5,
5,
5,
5,
5,
5,
5,
5,
5,
5,
5,
5,
5,
5,
5,
5,
5,
5,
5,
5,
5,
5,
5,
5,
5,
5,
5,
5,
5,
5,
5,
5,
5,
5,
5,
5,
5,
5,
5,
5,
5,
5,
5,
5,
5,
5,
5,
5,
5,
5,
5,
5,
5,
5,
5,
5,
5,
5,
5,
5,
5,
5,
5,
5,
5,
5,
5,
5,
5,
5,
5,
5,
5,
5,
5,
5,
5,
5,
5,
5,
5,
5,
5,
5,
5,
5,
5,
5,
5,
5,
5,
5,
5,
5,
5,
5,
5,
5,
5,
5,
5,
5,
5,
5,
5,
5,
5,
5,
5,
5,
5,
5,
5,
5,
5,
5,
5,
5,
5,
5,
5,
5,
5,
5,
5,
5,
5,
5,
5,
5,
5,
5,
5,
5,
5,
5,
5,
5,
5,
5,
5,
5,
5,
5,
5,
5,
5,
5,
5,
5,
5,
5,
5,
5,
5,
5,
5,
5,
5,
5,
5,
5,
5,
5,
5,
5,
5,
5,
5,
5,
5,
5,
5,
5,
5,
5,
5,
5,
5,
5,
5,
5,
5,
5,
5,
5,
5,
5,
5,
5,
5,
5,
5,
5,
5,
5,
5,
5,
5,
5,
5,
5,
5,
5,
5,
5,
5,
5,
5,
5,
5,
5,
5,
5,
5,
5,
5,
5,
5,
5,
5,
5,
5,
5,
5,
5,
5,
5,
5,
5,
5,
5,
5,
5,
5,
5,
5,
5,
5,
5,
5,
5,
5,
5,
5,
5,
5,
5,
5,
5,
5,
5,
5,
5,
5,
5,
5,
5,
5,
5,
5,
5,
5,
5,
5,
5,
5,
5,
5,
5,
5,
5,
5,
5,
5,
5,
5,
5,
5,
5,
5,
5,
5,
5,
5,
5,
5,
5,
5,
5,
5,
5,
5,
5,
5,
5,
5,
5,
5,
5,
5,
5,
5,
5,
5,
5,
5,
5,
5,
5,
5,
5,
5,
5,
5,
5,
5,
5,
5,
5,
5,
5,
5,
5,
5,
5,
5,
5,
5,
5,
5,
5,
5,
5,
5,
5,
5,
5,
5,
5,
5,
5,
5,
5,
5,
5,
5,
5,
5,
5,
5,
5,
5,
5,
5,
5,
5,
5,
5,
5,
5,
5,
5,
5,
5,
5,
5,
5,
5,
5,
5,
5,
5,
5,
5,
5,
5,
5,
5,
5,
5,
5,
5,
5,
5,
5,
5,
5,
5,
5,
5,
5,
5,
5,
5,
5,
5,
5,
5,
5,
5,
5,
5,
5,
5,
5,
5,
5,
5,
5,
5,
5,
5,
5,
5,
5,
5,
5,
5,
5,
5,
5,
5,
5,
5,
5,
5,
5,
5,
5,
5,
5,
5,
5,
5,
5,
5,
5,
5,
5,
5,
5,
5,
5,
5,
5,
5,
5,
5,
5,
5,
5,
5,
5,
5,
5,
5,
5,
5,
5,
5,
5,
5,
5,
5,
5,
5,
5,
5,
5,
5,
5,
5,
5,
5,
5,
5,
5,
5,
5,
5,
5,
5,
5,
5,
5,
5,
5,
5,
5,
5,
5,
5,
5,
5,
5,
5,
5,
5,
5,
5,
5,
5,
5,
5,
5,
5,
5,
5,
5,
5,
5,
5,
5,
5,
5,
5,
5,
5,
5,
5,
5,
5,
5,
5,
5,
5,
5,
5,
5,
5,
5,
5,
5,
5,
5,
5,
5,
5,
5,
5,
5,
5,
5,
5,
5,
5,
5,
5,
5,
5,
5,
5,
5,
5,
5,
5,
5,
5,
5,
5,
5,
5,
5,
5,
5,
5,
5,
5,
5,
5,
5,
5,
5,
5,
5,
5,
5,
5,
5,
5,
5,
5,
5,
5,
5,
5,
5,
5,
5,
5,
5,
5,
5,
5,
5,
5,
5,
5,
5,
5,
5,
5,
5,
5,
5,
5,
5,
5,
5,
5,
5,
5,
5,
5,
5,
5,
5,
5,
5,
5,
5,
5,
5,
5,
5,
5,
5,
5,
5,
5,
5,
5,
5,
5,
5,
5,
5,
5,
5,
5,
5,
5,
5,
5,
5,
5,
5,
5,
5,
5,
5,
5,
5,
5,
5,
5,
5,
5,
5,
5,
5,
5,
5,
5,
5,
5,
5,
5,
5,
5,
5,
5,
5,
5,
5,
5,
5,
5,
5,
5,
5,
5,
5,
5,
5,
5,
5,
5,
5,
5,
5,
5,
5,
5,
5,
5,
5,
5,
5,
5,
5,
5,
5,
5,
5,
5,
5,
5,
5,
5,
5,
5,
5,
5,
5,
5,
5,
5,
5,
5,
5,
5,
5,
5,
5,
5,
5,
5,
5,
5,
5,
5,
5,
5,
5,
5,
5,
5,
5,
5,
5,
5,
5,
5,
5,
5,
5,
5,
5,
5,
5,
5,
5,
5,
5,
5,
5,
5,
5,
5,
5,
5,
5,
5,
5,
5,
5,
5,
5,
5,
5,
5,
5,
5,
5,
5,
5,
5,
5,
5,
5,
5,
5,
5,
5,
5,
5,
5,
5,
5,
5,
5,
5,
5,
5,
5,
5,
5,
5,
5,
5,
5,
5,
5,
5,
5,
5,
5,
5,
5,
5,
5,
5,
5,
5,
5,
5,
5,
5,
5,
5,
5,
5,
5,
5,
5,
5,
5,
5,
5,
5,
5,
5,
5,
5,
5,
5,
5,
5,
5,
5,
5,
5,
5,
5,
5,
5,
5,
5,
5,
5,
5,
5,
5,
5,
4,
4,
4,
0,
110,
99,
88,
74,
67,
59,
47,
45,
39,
32,
31,
25,
24,
18,
18,
17,
11,
11,
11,
11,
5,
5,
4,
4,
4,
4,
4,
4,
4,
4,
4,
4,
4,
4,
4,
4,
4,
4,
4,
4,
4,
4,
4,
4,
4,
4,
4,
4,
4,
4,
4,
4,
4,
4,
4,
4,
4,
4,
4,
4,
4,
4,
4,
4,
4,
4,
4,
4,
4,
4,
4,
4,
4,
4,
4,
4,
4,
4,
4,
4,
4,
4,
4,
4,
4,
4,
4,
4,
4,
4,
4,
4,
4,
4,
4,
4,
4,
4,
4,
4,
4,
4,
4,
4,
4,
4,
4,
4,
4,
4,
4,
4,
4,
4,
4,
4,
4,
4,
4,
4,
4,
4,
4,
4,
4,
4,
4,
4,
4,
4,
4,
4,
4,
4,
4,
4,
4,
4,
4,
4,
4,
4,
4,
4,
4,
4,
4,
4,
4,
4,
4,
4,
4,
4,
4,
4,
4,
4,
4,
4,
4,
4,
4,
4,
4,
4,
4,
4,
4,
4,
4,
4,
4,
4,
4,
4,
4,
4,
4,
4,
4,
4,
4,
4,
4,
4,
4,
4,
4,
4,
4,
4,
4,
4,
4,
4,
4,
4,
4,
4,
4,
4,
4,
4,
4,
4,
4,
4,
4,
4,
4,
4,
4,
4,
4,
4,
4,
4,
4,
4,
4,
4,
4,
4,
4,
4,
4,
4,
4,
4,
4,
4,
4,
4,
4,
4,
4,
4,
4,
4,
4,
4,
4,
4,
4,
4,
4,
4,
4,
4,
4,
4,
4,
4,
4,
4,
4,
4,
4,
4,
4,
4,
4,
4,
4,
4,
4,
4,
4,
4,
4,
4,
4,
4,
4,
4,
4,
4,
4,
4,
4,
4,
4,
4,
4,
4,
4,
4,
4,
4,
4,
4,
4,
4,
4,
4,
4,
4,
4,
4,
4,
4,
4,
4,
4,
4,
4,
4,
4,
4,
4,
4,
4,
4,
4,
4,
4,
4,
4,
4,
4,
4,
4,
4,
4,
4,
4,
4,
4,
4,
4,
4,
4,
4,
4,
4,
4,
4,
4,
4,
4,
4,
4,
4,
4,
4,
4,
4,
4,
4,
4,
4,
4,
4,
4,
4,
4,
4,
4,
4,
4,
4,
4,
4,
4,
4,
4,
4,
4,
4,
4,
4,
4,
4,
4,
4,
4,
4,
4,
4,
4,
4,
4,
4,
4,
4,
4,
4,
4,
4,
4,
4,
4,
4,
4,
4,
4,
4,
4,
4,
4,
4,
4,
4,
4,
4,
4,
4,
4,
4,
4,
4,
4,
4,
4,
4,
4,
4,
4,
4,
4,
4,
4,
4,
4,
4,
4,
4,
4,
4,
4,
4,
4,
4,
4,
4,
4,
4,
4,
4,
4,
4,
4,
4,
4,
4,
4,
4,
4,
4,
4,
4,
4,
4,
4,
4,
4,
4,
4,
4,
4,
4,
4,
4,
4,
4,
4,
4,
4,
4,
4,
4,
4,
4,
4,
4,
4,
4,
4,
4,
4,
4,
4,
4,
4,
4,
4,
4,
4,
4,
4,
4,
4,
4,
4,
4,
4,
4,
4,
4,
4,
4,
4,
4,
4,
4,
4,
4,
4,
4,
4,
4,
4,
4,
4,
4,
4,
4,
4,
4,
4,
4,
4,
4,
4,
4,
4,
4,
4,
4,
4,
4,
4,
4,
4,
4,
4,
4,
4,
4,
4,
4,
4,
4,
4,
4,
4,
4,
4,
4,
4,
4,
4,
4,
4,
4,
4,
4,
4,
4,
4,
4,
4,
4,
4,
4,
4,
4,
4,
4,
4,
4,
4,
4,
4,
4,
4,
4,
4,
4,
4,
4,
4,
4,
4,
4,
4,
4,
4,
4,
4,
4,
4,
4,
4,
4,
4,
4,
4,
4,
4,
4,
4,
4,
4,
4,
4,
4,
4,
4,
4,
4,
4,
4,
4,
4,
4,
4,
4,
4,
4,
4,
4,
4,
4,
4,
4,
4,
4,
4,
4,
4,
4,
4,
4,
4,
4,
4,
4,
4,
4,
4,
4,
4,
4,
4,
4,
4,
4,
4,
4,
4,
4,
4,
4,
4,
4,
4,
4,
4,
4,
4,
4,
4,
4,
4,
4,
4,
4,
4,
4,
4,
4,
4,
4,
4,
4,
4,
4,
4,
4,
4,
4,
4,
4,
4,
4,
4,
4,
4,
4,
4,
4,
4,
4,
4,
4,
4,
4,
4,
4,
4,
4,
4,
4,
4,
4,
4,
4,
4,
4,
4,
4,
4,
4,
4,
4,
4,
4,
4,
4,
4,
4,
4,
4,
4,
4,
4,
4,
4,
4,
4,
4,
4,
4,
4,
4,
4,
4,
4,
4,
4,
4,
4,
4,
4,
4,
4,
4,
4,
4,
4,
4,
4,
4,
4,
4,
4,
4,
4,
4,
4,
4,
4,
4,
4,
4,
4,
4,
4,
4,
4,
4,
4,
4,
4,
4,
4,
4,
4,
4,
4,
4,
4,
4,
4,
4,
4,
4,
4,
4,
4,
4,
4,
4,
4,
4,
4,
4,
4,
4,
4,
4,
4,
4,
4,
4,
4,
4,
4,
4,
4,
4,
4,
4,
4,
4,
4,
4,
4,
4,
4,
4,
4,
4,
4,
4,
4,
4,
4,
4,
4,
4,
4,
4,
4,
4,
4,
4,
4,
4,
4,
4,
4,
4,
4,
4,
4,
4,
4,
4,
4,
4,
4,
4,
4,
4,
4,
4,
4,
4,
4,
4,
4,
4,
4,
4,
4,
4,
4,
4,
4,
4,
4,
4,
4,
4,
4,
4,
4,
4,
4,
4,
4,
4,
4,
4,
4,
4,
4,
4,
4,
4,
4,
4,
4,
4,
4,
4,
4,
4,
4,
4,
4,
4,
4,
4,
4,
4,
4,
4,
4,
4,
4,
4,
4,
4,
4,
4,
4,
4,
4,
4,
4,
4,
4,
4,
4,
4,
4,
4,
4,
4,
4,
4,
4,
4,
4,
4,
4,
4,
4,
4,
4,
4,
4,
4,
4,
4,
4,
4,
4,
4,
4,
4,
4,
4,
4,
4,
4,
4,
4,
4,
4,
4,
4,
4,
4,
4,
4,
4,
4,
4,
4,
4,
4,
4,
4,
4,
4,
4,
4,
4,
4,
4,
4,
4,
4,
4,
4,
4,
4,
4,
4,
4,
4,
4,
4,
4,
4,
4,
4,
4,
4,
4,
4,
4,
4,
4,
4,
4,
4,
4,
4,
4,
4,
4,
4,
4,
4,
4,
4,
4,
4,
4,
4,
4,
4,
4,
4,
4,
4,
4,
4,
4,
4,
4,
4,
4,
4,
4,
4,
4,
4,
4,
4,
4,
4,
4,
4,
4,
4,
4,
4,
4,
4,
4,
4,
4,
4,
4,
4,
4,
4,
4,
4,
4,
4,
4,
4,
4,
4,
4,
4,
4,
4,
4,
4,
4,
4,
4,
4,
4,
4,
4,
4,
4,
4,
4,
4,
4,
4,
4,
4,
4,
4,
4,
4,
4,
4,
4,
4,
4,
4,
4,
4,
4,
4,
4,
4,
4,
4,
4,
4,
4,
4,
4,
4,
4,
4,
4,
4,
4,
4,
4,
4,
4,
4,
4,
4,
4,
4,
4,
4,
4,
4,
4,
4,
4,
4,
4,
4,
4,
4,
4,
4,
4,
4,
4,
4,
4,
4,
4,
4,
4,
4,
4,
4,
4,
4,
4,
4,
4,
4,
4,
4,
4,
4,
4,
4,
4,
4,
4,
4,
4,
4,
4,
4,
4,
4,
4,
4,
4,
4,
4,
4,
4,
4,
4,
4,
4,
4,
4,
4,
4,
4,
4,
4,
4,
4,
4,
4,
4,
4,
4,
4,
4,
4,
4,
4,
4,
4,
4,
4,
4,
4,
4,
4,
4,
4,
4,
4,
4,
4,
4,
4,
4,
4,
4,
4,
4,
4,
4,
4,
4,
4,
4,
4,
4,
4,
4,
4,
4,
4,
4,
4,
4,
4,
4,
4,
4,
4,
4,
4,
4,
4,
4,
4,
4,
4,
4,
4,
4,
4,
4,
4,
4,
4,
4,
4,
4,
4,
4,
4,
4,
4,
4,
4,
4,
4,
4,
4,
4,
4,
4,
4,
4,
4,
4,
4,
4,
4,
4,
4,
4,
4,
4,
4,
4,
4,
4,
4,
4,
4,
4,
4,
4,
4,
4,
4,
4,
4,
4,
4,
4,
4,
4,
4,
4,
4,
4,
4,
4,
4,
4,
4,
4,
4,
4,
4,
4,
4,
4,
4,
4,
4,
4,
4,
4,
4,
4,
4,
4,
4,
4,
4,
4,
4,
4,
4,
4,
4,
4,
4,
4,
4,
4,
4,
4,
4,
4,
4,
4,
4,
4,
4,
4,
4,
4,
4,
4,
4,
4,
4,
4,
4,
4,
4,
4,
4,
4,
4,
4,
4,
4,
4,
4,
4,
4,
4,
4,
4,
4,
4,
4,
4,
4,
4,
4,
4,
4,
4,
4,
4,
4,
4,
4,
4,
4,
4,
4,
4,
4,
4,
4,
4,
4,
4,
4,
4,
4,
4,
4,
4,
4,
4,
4,
4,
4,
4,
4,
4,
4,
4,
4,
4,
4,
4,
4,
4,
4,
4,
4,
4,
4,
4,
4,
4,
4,
4,
4,
4,
4,
4,
4,
4,
4,
4,
4,
4,
4,
4,
4,
4,
4,
4,
4,
4,
4,
4,
4,
4,
4,
4,
4,
4,
4,
4,
4,
4,
4,
4,
4,
4,
4,
4,
4,
4,
4,
4,
4,
4,
4,
4,
4,
4,
4,
4,
4,
4,
4,
4,
4,
4,
4,
4,
4,
4,
4,
4,
4,
4,
4,
4,
4,
4,
4,
4,
4,
4,
4,
4,
4,
4,
4,
4,
4,
4,
4,
4,
4,
4,
4,
4,
4,
4,
4,
4,
4,
4,
4,
4,
4,
4,
4,
4,
4,
4,
4,
4,
4,
4,
4,
4,
4,
4,
4,
4,
4,
4,
4,
4,
4,
4,
4,
4,
4,
4,
4,
4,
4,
4,
4,
4,
4,
4,
4,
4,
4,
4,
4,
4,
4,
4,
4,
4,
4,
4,
4,
4,
4,
4,
4,
4,
4,
4,
4,
4,
4,
4,
4,
4,
4,
4,
4,
4,
4,
4,
4,
4,
4,
4,
4,
4,
4,
4,
4,
4,
4,
4,
4,
4,
4,
4,
4,
4,
4,
4,
4,
4,
4,
4,
4,
4,
4,
4,
4,
4,
4,
4,
4,
4,
4,
3,
3,
3,
440444,
1811,
1783,
1558,
1357,
1245,
1126,
1126,
1061,
922,
802,
697,
607,
530,
460,
418,
417,
368,
320,
292,
292,
292,
292,
292,
292,
292,
278,
243,
215,
187,
160,
145,
124,
110,
95,
82,
74,
61,
54,
47,
40,
34,
33,
26,
26,
20,
19,
14,
12,
12,
11,
5,
5,
5,
5,
5,
0,
2642,
2489,
2320,
2026,
1767,
1641,
1634,
1431,
1246,
1088,
948,
872,
801,
801,
801,
724,
628,
549,
479,
416,
365,
318,
276,
241,
213,
185,
163,
136,
130,
130,
130,
130,
130,
130,
129,
115,
101,
87,
79,
66,
59,
52,
45,
38,
37,
31,
31,
24,
24,
18,
17,
17,
17,
17,
17,
17,
17,
17,
17,
17,
17,
17,
17,
17,
17,
17,
17,
17,
17,
17,
17,
17,
17,
17,
17,
17,
17,
17,
17,
17,
17,
17,
17,
17,
17,
17,
17,
17,
17,
17,
17,
17,
17,
17,
17,
17,
17,
17,
17,
17,
17,
17,
17,
17,
17,
17,
17,
17,
17,
17,
17,
17,
17,
17,
17,
17,
17,
17,
17,
17,
17,
17,
17,
17,
17,
17,
17,
17,
17,
17,
17,
17,
17,
17,
17,
17,
17,
17,
17,
17,
17,
17,
17,
17,
17,
17,
17,
17,
17,
17,
17,
17,
17,
17,
17,
17,
17,
17,
17,
17,
17,
17,
17,
17,
17,
17,
17,
17,
17,
17,
17,
17,
17,
17,
17,
17,
17,
17,
16,
11,
10,
10,
10,
9,
4,
3,
3,
3,
3,
3,
3,
3,
2,
0,
2613,
2304,
2179,
2032,
1764,
1528,
1415,
1345,
1323,
1149,
996,
869,
750,
652,
645,
575,
519,
519,
519,
519,
498,
435,
373,
323,
281,
246,
211,
183,
156,
134,
119,
99,
85,
77,
64,
56,
44,
42,
36,
29,
22,
22,
15,
15,
14,
8,
8,
8,
2,
1,
1,
1,
1,
1,
1,
1,
0,
2715,
2630,
2275,
1974,
1826,
1819,
1580,
1365,
1182,
1064,
937,
937,
937,
825,
714,
622,
538,
467,
402,
349,
300,
258,
223,
195,
188,
188,
181,
154,
139,
118,
104,
90,
83,
69,
62,
62,
62,
62,
62,
62,
62,
62,
62,
62,
62,
62,
62,
62,
62,
62,
62,
62,
62,
62,
62,
62,
62,
62,
62,
62,
62,
62,
62,
62,
62,
62,
62,
62,
62,
58,
54,
48,
41,
34,
27,
26,
20,
19,
14,
13,
13,
13,
13,
6,
6,
6,
6,
4,
0,
2636,
2392,
2279,
2062,
1802,
1573,
1453,
1453,
1327,
1159,
1005,
879,
767,
739,
648,
634,
634,
634,
585,
509,
445,
389,
340,
297,
256,
222,
199,
172,
151,
130,
116,
96,
88,
74,
67,
60,
47,
40,
38,
32,
31,
25,
19,
18,
17,
11,
11,
10,
5,
5,
4,
4,
4,
4,
4,
3,
2,
1,
2831,
2613,
2263,
2060,
1997,
1794,
1549,
1346,
1234,
1135,
1135,
1045,
905,
786,
681,
590,
513,
445,
415,
408,
359,
310,
289,
289,
289,
289,
289,
289,
289,
275,
240,
206,
183,
156,
135,
118,
100,
86,
73,
65,
58,
51,
43,
37,
30,
23,
23,
16,
16,
10,
9,
9,
8,
3,
2,
2,
2,
2,
2,
2,
1,
0,
2611,
2457,
2324,
2023,
1764,
1631,
1631,
1454,
1267,
1106,
966,
911,
812,
812,
812,
749,
644,
560,
483,
414,
359,
314,
267,
231,
202,
175,
148,
127,
112,
97,
84,
70,
57,
57,
57,
57,
57,
57,
57,
57,
57,
57,
56,
49,
49,
42,
36,
35,
34,
28,
28,
22,
21,
21,
21,
15,
14,
14,
14,
14,
14,
13,
8,
7,
7,
7,
7,
7,
7,
7,
7,
7,
7,
7,
6,
6,
1,
1,
1,
1,
1,
1,
1,
1,
1,
1,
1,
1,
1,
1,
1,
217600,
1472,
1396,
1220,
1059,
919,
798,
714,
625,
583,
583,
583,
583,
506,
436,
380,
331,
282,
247,
212,
184,
156,
135,
114,
100,
86,
72,
64,
52,
44,
38,
36,
30,
23,
23,
16,
16,
10,
9,
9,
9,
3,
2,
2,
2,
2,
2,
1,
0,
2757,
2633,
2282,
1995,
1869,
1785,
1547,
1520,
1520,
1394,
1394,
1302,
1156,
1156,
1156,
1156,
1078,
1036,
1036,
939,
819,
714,
623,
545,
473,
413,
364,
342,
342,
302,
266,
232,
224,
224,
224,
224,
224,
224,
224,
224,
224,
216,
189,
167,
140,
126,
106,
98,
84,
70,
63,
56,
49,
42,
36,
35,
28,
21,
21,
14,
14,
14,
14,
8,
8,
7,
7,
7,
1,
1,
2652,
2455,
2357,
2042,
1769,
1608,
1595,
1454,
1265,
1097,
950,
845,
760,
719,
719,
719,
642,
558,
481,
418,
357,
313,
270,
230,
201,
173,
146,
131,
110,
96,
82,
68,
61,
53,
41,
40,
33,
26,
20,
19,
13,
12,
12,
12,
12,
12,
12,
12,
12,
12,
12,
12,
12,
12,
12,
12,
12,
12,
12,
12,
12,
12,
12,
12,
12,
12,
12,
12,
12,
12,
12,
12,
12,
12,
12,
12,
12,
12,
12,
12,
12,
12,
12,
12,
12,
12,
12,
12,
12,
12,
12,
12,
12,
12,
12,
12,
12,
12,
12,
12,
12,
12,
12,
12,
12,
12,
12,
12,
12,
12,
12,
12,
12,
12,
12,
12,
12,
12,
12,
12,
12,
12,
12,
12,
12,
11,
6,
6,
6,
6,
5,
5,
5,
5,
5,
5,
5,
5,
5,
5,
5,
5,
5,
5,
4,
0,
2880,
2495,
2180,
2047,
1957,
1703,
1474,
1298,
1172,
1172,
1122,
970,
843,
731,
633,
549,
479,
472,
445,
388,
346,
346,
346,
346,
346,
346,
339,
297,
255,
220,
192,
164,
143,
122,
108,
94,
80,
66,
59,
51,
39,
37,
31,
24,
24,
17,
17,
10,
10,
9,
3,
3,
3,
3,
3,
2,
0,
2647,
2521,
2311,
2003,
1765,
1639,
1604,
1394,
1212,
1143,
1143,
1050,
1016,
1016,
911,
792,
687,
596,
519,
449,
387,
337,
289,
252,
218,
190,
163,
142,
127,
112,
93,
92,
92,
92,
92,
92,
92,
92,
92,
92,
92,
92,
92,
92,
92,
92,
92,
92,
92,
92,
92,
92,
92,
92,
85,
72,
64,
57,
50,
42,
36,
29,
23,
22,
19,
15,
15,
8,
8,
8,
7,
1,
1,
1,
1,
1,
1,
1,
0,
2610,
2260,
2156,
1945,
1686,
1462,
1266,
1224,
1203,
1042,
902,
783,
677,
581,
504,
434,
405,
351,
308,
308,
308,
308,
308,
308,
308,
294,
258,
223,
188,
161,
140,
124,
104,
90,
77,
69,
56,
48,
41,
34,
29,
27,
20,
20,
14,
13,
13,
7,
6,
6,
6,
6,
0,
2614,
2475,
2314,
2006,
1747,
1614,
1614,
1424,
1230,
1068,
921,
844,
738,
732,
732,
718,
621,
543,
467,
410,
354,
305,
264,
229,
200,
172,
151,
130,
110,
96,
82,
74,
67,
53,
46,
39,
38,
32,
25,
23,
18,
18,
11,
11,
11,
10,
10,
10,
10,
10,
10,
10,
10,
10,
10,
10,
10,
10,
10,
10,
10,
10,
10,
10,
10,
10,
10,
10,
10,
10,
10,
10,
10,
10,
10,
10,
10,
10,
10,
10,
10,
10,
10,
10,
10,
10,
10,
10,
10,
10,
10,
10,
10,
10,
10,
10,
10,
10,
10,
10,
10,
10,
10,
10,
10,
10,
10,
10,
10,
10,
10,
10,
10,
6,
5,
5,
5,
4,
4,
4,
4,
4,
4,
4,
4,
4,
4,
4,
4,
4,
3,
3,
3,
1,
0,
2879,
2494,
2158,
2023,
1948,
1690,
1472,
1298,
1173,
1171,
1136,
989,
856,
745,
651,
626,
626,
626,
563,
499,
499,
499,
499,
499,
431,
373,
324,
282,
241,
212,
184,
156,
135,
114,
100,
86,
72,
65,
52,
45,
38,
36,
30,
23,
22,
16,
16,
9,
9,
9,
3,
2,
2,
2,
2,
2,
1,
0,
2611,
2534,
2204,
1911,
1659,
1635,
1491,
1295,
1120,
968,
840,
728,
700,
700,
700,
623,
546,
470,
407,
351,
308,
266,
231,
197,
169,
147,
127,
112,
98,
84,
70,
63,
55,
43,
40,
35,
28,
21,
21,
15,
14,
14,
7,
7,
7,
7,
4,
1,
0,
2846,
2595,
2252,
2042,
2014,
1783,
1546,
1342,
1251,
1180,
1180,
1047,
908,
789,
684,
593,
515,
475,
475,
418,
368,
355,
355,
355,
355,
355,
354,
306,
264,
229,
201,
173,
146,
125,
110,
96,
82,
68,
61,
48,
41,
36,
33,
26,
20,
19,
13,
12,
12,
6,
5,
5,
5,
5,
3,
0,
2656,
2530,
2314,
2005,
1809,
1683,
1634,
1416,
1224,
1060,
969,
879,
837,
837,
815,
704,
612,
528,
458,
395,
339,
297,
255,
220,
192,
164,
142,
122,
102,
102,
102,
102,
102,
102,
102,
94,
87,
74,
66,
59,
52,
45,
42,
38,
37,
31,
25,
24,
24,
24,
18,
17,
17,
17,
16,
11,
10,
10,
10,
10,
10,
10,
10,
10,
10,
9,
8,
4,
4,
4,
4,
4,
4,
4,
4,
4,
4,
4,
4,
4,
4,
4,
4,
4,
4,
4,
4,
4,
4,
4,
4,
4,
4,
4,
4,
4,
4,
4,
4,
4,
4,
4,
4,
4,
4,
4,
4,
4,
4,
4,
4,
4,
4,
4,
4,
4,
4,
4,
4,
4,
4,
4,
4,
4,
4,
4,
4,
4,
4,
4,
4,
4,
4,
4,
4,
4,
4,
4,
4,
4,
4,
4,
4,
4,
4,
4,
4,
4,
4,
4,
4,
4,
4,
4,
4,
4,
4,
4,
4,
4,
4,
4,
4,
4,
4,
4,
4,
4,
4,
4,
4,
4,
4,
4,
4,
4,
4,
4,
4,
4,
4,
4,
4,
4,
4,
4,
4,
4,
4,
4,
4,
4,
4,
4,
4,
4,
4,
4,
4,
4,
4,
4,
4,
4,
4,
4,
4,
4,
4,
4,
4,
4,
4,
4,
4,
4,
4,
4,
4,
4,
4,
4,
4,
4,
4,
4,
4,
4,
4,
4,
4,
4,
4,
4,
4,
4,
4,
4,
4,
4,
4,
4,
4,
4,
4,
4,
4,
4,
4,
4,
4,
4,
4,
4,
4,
4,
4,
4,
4,
4,
4,
4,
4,
4,
4,
4,
4,
4,
4,
4,
4,
4,
4,
4,
4,
4,
4,
4,
4,
4,
4,
4,
4,
4,
4,
4,
4,
4,
4,
4,
4,
4,
4,
4,
4,
4,
4,
4,
4,
4,
4,
4,
4,
4,
4,
4,
4,
4,
4,
4,
4,
4,
4,
4,
4,
4,
4,
4,
4,
4,
4,
4,
4,
4,
4,
4,
4,
4,
4,
4,
4,
4,
4,
4,
4,
4,
4,
4,
4,
4,
4,
4,
4,
4,
4,
4,
4,
4,
4,
4,
4,
4,
4,
4,
4,
4,
4,
4,
4,
4,
4,
4,
4,
4,
4,
4,
4,
4,
4,
4,
4,
4,
4,
4,
4,
4,
4,
4,
4,
4,
4,
4,
4,
4,
4,
4,
4,
4,
4,
4,
4,
4,
4,
4,
4,
4,
4,
4,
4,
4,
4,
4,
4,
4,
4,
4,
4,
4,
4,
4,
4,
4,
4,
4,
4,
4,
4,
4,
4,
4,
4,
4,
4,
4,
4,
4,
4,
4,
4,
4,
4,
4,
4,
4,
4,
4,
4,
4,
4,
4,
4,
4,
4,
4,
4,
4,
4,
4,
4,
4,
4,
4,
4,
4,
4,
4,
4,
4,
4,
4,
4,
4,
4,
4,
4,
4,
4,
4,
4,
4,
4,
4,
4,
4,
4,
4,
4,
4,
4,
4,
4,
4,
4,
4,
4,
4,
4,
4,
4,
4,
4,
4,
4,
4,
4,
4,
4,
4,
4,
4,
4,
4,
4,
4,
4,
4,
4,
4,
4,
4,
4,
4,
4,
4,
4,
4,
4,
4,
4,
4,
4,
4,
4,
4,
4,
4,
4,
4,
4,
4,
4,
4,
4,
4,
4,
4,
4,
4,
4,
4,
4,
4,
4,
4,
4,
4,
4,
4,
4,
4,
4,
4,
4,
4,
4,
4,
4,
4,
4,
4,
4,
4,
4,
4,
4,
4,
4,
4,
4,
4,
4,
4,
4,
4,
4,
4,
4,
4,
4,
4,
4,
4,
4,
4,
4,
4,
4,
4,
4,
4,
4,
4,
4,
4,
4,
4,
4,
4,
4,
4,
4,
4,
4,
4,
4,
4,
4,
4,
4,
4,
4,
4,
4,
4,
4,
4,
4,
4,
4,
4,
4,
3,
3,
3,
3,
3,
3,
2,
2,
0,
2612,
2344,
2213,
2060,
1786,
1548,
1407,
1345,
1311,
1141,
988,
855,
737,
638,
610,
541,
478,
478,
478,
478,
478,
428,
372,
322,
275,
239,
204,
176,
155,
134,
113,
99,
85,
71,
64,
51,
44,
37,
36,
29,
23,
22,
16,
15,
15,
8,
8,
8,
7,
2,
1,
1,
1,
1,
1,
1,
1,
1,
0,
2729,
2638,
2288,
1981,
1819,
1819,
1602,
1385,
1203,
1106,
987,
979,
979,
871,
756,
657,
573,
496,
433,
371,
322,
280,
258,
258,
251,
223,
194,
167,
146,
132,
132,
132,
132,
132,
132,
132,
132,
132,
132,
132,
132,
132,
132,
132,
132,
125,
111,
92,
83,
75,
62,
55,
48,
41,
34,
28,
27,
27,
20,
20,
13,
13,
12,
6,
6,
6,
6,
5,
0,
2636,
2405,
2355,
2048,
1782,
1592,
1482,
1460,
1266,
1096,
949,
823,
732,
669,
606,
606,
606,
606,
535,
459,
397,
347,
298,
256,
221,
193,
165,
144,
123,
103,
88,
81,
67,
59,
47,
40,
34,
32,
25,
19,
18,
17,
11,
11,
11,
4,
4,
4,
4,
3,
0,
2767,
2620,
2277,
2039,
1913,
1796,
1563,
1353,
1192,
1094,
1066,
1066,
940,
814,
703,
611,
528,
458,
401,
346,
318,
311,
275,
240,
206,
192,
192,
192,
192,
192,
192,
192,
192,
192,
192,
192,
177,
155,
135,
114,
100,
86,
72,
65,
52,
45,
38,
36,
30,
23,
22,
16,
15,
9,
9,
8,
3,
2,
2,
2,
2,
2,
2,
1,
2611,
2387,
2345,
2030,
1764,
1618,
1547,
1471,
1281,
1113,
966,
841,
819,
721,
721,
721,
700,
609,
525,
455,
398,
343,
297,
259,
224,
196,
168,
144,
126,
106,
97,
83,
70,
63,
52,
43,
42,
35,
28,
22,
21,
15,
14,
13,
8,
8,
8,
8,
8,
8,
8,
8,
8,
8,
8,
8,
8,
8,
8,
8,
8,
8,
8,
8,
8,
8,
8,
8,
8,
8,
8,
8,
8,
8,
8,
8,
8,
8,
8,
8,
8,
8,
8,
8,
8,
8,
8,
8,
8,
8,
8,
8,
8,
8,
8,
8,
8,
8,
8,
8,
8,
8,
8,
8,
8,
8,
8,
8,
8,
8,
8,
8,
8,
8,
8,
8,
8,
8,
8,
8,
8,
8,
8,
8,
8,
8,
8,
8,
8,
8,
8,
8,
8,
8,
8,
8,
8,
8,
8,
8,
8,
8,
8,
8,
8,
8,
8,
7,
7,
7,
7,
7,
7,
7,
7,
7,
6,
4,
1,
1,
1,
1,
1,
1,
1,
1,
1,
1,
1,
1,
1,
1,
1,
1,
1,
1,
1,
1,
1,
1,
1,
1,
1,
1,
1,
1,
0,
2878,
2504,
2175,
2014,
1930,
1678,
1461,
1315,
1188,
1188,
1139,
985,
852,
740,
636,
551,
476,
411,
356,
313,
271,
244,
244,
244,
244,
244,
244,
244,
244,
244,
222,
194,
166,
144,
124,
104,
90,
81,
68,
60,
49,
41,
39,
33,
26,
25,
19,
16,
12,
12,
10,
5,
5,
5,
5,
4,
0,
2614,
2383,
2292,
1984,
1718,
1494,
1452,
1375,
1192,
1032,
895,
780,
675,
585,
528,
528,
528,
528,
507,
437,
381,
332,
284,
248,
214,
185,
164,
142,
122,
107,
88,
80,
66,
59,
46,
44,
38,
31,
24,
23,
17,
17,
10,
10,
9,
3,
3,
3,
3,
3,
2,
2703,
2619,
2269,
1968,
1828,
1807,
1569,
1366,
1184,
1099,
981,
981,
967,
841,
729,
631,
547,
471,
408,
358,
309,
267,
261,
261,
253,
218,
190,
169,
148,
141,
141,
141,
141,
141,
141,
141,
141,
141,
141,
141,
141,
141,
141,
141,
127,
107,
93,
84,
71,
64,
51,
43,
41,
36,
29,
23,
22,
16,
15,
15,
8,
8,
8,
7,
2,
1,
1,
1,
1,
1,
1,
1,
0,
2618,
2330,
2281,
2001,
1736,
1587,
1462,
1462,
1280,
1106,
958,
832,
755,
720,
629,
629,
629,
629,
567,
496,
433,
377,
328,
286,
251,
216,
189,
167,
146,
125,
111,
97,
83,
76,
63,
55,
48,
42,
35,
34,
27,
21,
20,
20,
18,
13,
13,
13,
9,
6,
6,
6,
6,
5,
0,
2859,
2643,
2539,
2440,
2391,
2174,
2174,
2049,
2048,
1781,
1543,
1334,
1244,
1208,
1194,
1034,
900,
781,
676,
586,
509,
508,
473,
416,
382,
382,
382,
382,
382,
376,
332,
284,
249,
214,
186,
159,
137,
122,
102,
89,
80,
67,
60,
47,
40,
38,
32,
25,
25,
19,
18,
12,
11,
11,
7,
4,
4,
4,
4,
3,
0,
2690,
2564,
2305,
1991,
1815,
1717,
1619,
1402,
1220,
1059,
1003,
884,
884,
884,
793,
694,
601,
520,
450,
391,
338,
290,
254,
219,
191,
184,
184,
184,
184,
170,
150,
134,
121,
101,
93,
80,
72,
72,
72,
72,
72,
72,
72,
72,
72,
72,
72,
72,
72,
72,
72,
72,
72,
72,
72,
72,
72,
72,
72,
72,
72,
72,
72,
72,
72,
72,
65,
58,
51,
44,
38,
34,
30,
23,
22,
16,
16,
16,
10,
10,
9,
9,
8,
3,
2,
2,
2,
2,
2,
1,
0,
2639,
2391,
2282,
2058,
1799,
1610,
1484,
1484,
1336,
1162,
1007,
869,
763,
728,
637,
637,
637,
637,
573,
497,
427,
371,
322,
280,
244,
210,
181,
154,
133,
117,
98,
84,
71,
63,
56,
49,
41,
35,
28,
22,
21,
14,
14,
14,
7,
7,
7,
7,
1,
1,
1,
2819,
2630,
2280,
2063,
1972,
1803,
1566,
1357,
1265,
1140,
1140,
1075,
929,
803,
698,
606,
523,
453,
439,
433,
383,
334,
314,
314,
314,
314,
314,
314,
313,
272,
237,
215,
187,
159,
138,
132,
132,
132,
132,
132,
132,
132,
132,
132,
132,
132,
132,
132,
132,
132,
132,
132,
132,
132,
132,
132,
132,
132,
132,
132,
132,
132,
132,
132,
132,
132,
132,
132,
132,
132,
132,
123,
104,
90,
82,
69,
61,
54,
47,
41,
40,
33,
27,
26,
26,
20,
19,
19,
18,
18,
18,
18,
18,
18,
18,
18,
18,
18,
18,
18,
18,
18,
18,
18,
18,
18,
18,
18,
18,
18,
18,
18,
18,
18,
18,
18,
18,
18,
18,
18,
18,
18,
18,
18,
18,
18,
18,
18,
18,
18,
18,
18,
18,
18,
18,
18,
18,
18,
18,
18,
18,
18,
18,
18,
18,
18,
18,
18,
18,
18,
18,
18,
18,
18,
18,
18,
18,
18,
18,
18,
18,
18,
18,
18,
18,
18,
18,
18,
18,
18,
18,
18,
18,
18,
18,
18,
18,
18,
18,
18,
18,
18,
18,
18,
18,
18,
18,
18,
18,
18,
18,
18,
18,
18,
18,
18,
18,
18,
18,
18,
18,
18,
18,
18,
18,
18,
18,
18,
18,
18,
13,
12,
12,
12,
10,
6,
5,
5,
5,
5,
5,
2,
2656,
2656,
2530,
2279,
1984,
1803,
1690,
1613,
1403,
1214,
1047,
976,
871,
850,
850,
807,
696,
604,
521,
451,
388,
339,
290,
255,
219,
185,
163,
150,
150,
150,
150,
150,
150,
136,
122,
102,
93,
80,
67,
59,
52,
46,
45,
38,
32,
31,
31,
31,
31,
31,
31,
31,
31,
31,
31,
31,
31,
31,
31,
31,
31,
31,
31,
31,
31,
31,
31,
31,
31,
31,
31,
31,
31,
31,
31,
31,
31,
31,
31,
31,
31,
31,
31,
31,
31,
31,
31,
31,
31,
31,
31,
31,
31,
31,
31,
31,
31,
31,
31,
31,
31,
31,
31,
31,
31,
31,
31,
31,
31,
31,
31,
31,
31,
31,
31,
25,
24,
24,
17,
17,
11,
10,
10,
10,
4,
3,
3,
3,
3,
3,
3,
2,
1,
2613,
2283,
2150,
1996,
1730,
1506,
1387,
1310,
1303,
1134,
982,
854,
743,
639,
603,
568,
491,
477,
477,
477,
477,
449,
392,
337,
295,
253,
218,
190,
169,
142,
125,
106,
92,
78,
71,
57,
50,
43,
36,
31,
29,
22,
22,
15,
15,
9,
8,
8,
8,
2,
1,
1,
1,
1,
1,
1,
0,
2708,
2624,
2274,
1973,
1791,
1791,
1588,
1378,
1196,
1071,
972,
944,
944,
861,
748,
735,
735,
735,
735,
735,
735,
663,
608,
608,
608,
601,
524,
454,
391,
342,
293,
252,
222,
201,
201,
201,
201,
201,
201,
201,
201,
201,
201,
201,
201,
201,
201,
201,
195,
174,
153,
132,
118,
104,
90,
77,
77,
77,
77,
77,
77,
77,
77,
77,
77,
77,
77,
77,
77,
77,
77,
77,
77,
77,
77,
77,
77,
77,
77,
77,
77,
77,
77,
71,
62,
55,
48,
41,
34,
28,
27,
21,
20,
13,
13,
12,
6,
6,
6,
6,
0,
2608,
2361,
2244,
2020,
1754,
1523,
1389,
1383,
1292,
1117,
970,
837,
725,
648,
613,
536,
522,
522,
522,
522,
459,
396,
346,
298,
256,
221,
193,
165,
144,
123,
104,
94,
81,
67,
60,
47,
40,
34,
32,
25,
23,
18,
17,
11,
11,
10,
4,
4,
4,
4,
4,
3,
0,
2725,
2635,
2284,
1977,
1849,
1829,
1591,
1381,
1199,
1130,
1017,
1017,
987,
856,
737,
640,
555,
479,
415,
359,
310,
310,
310,
289,
254,
219,
191,
184,
184,
184,
184,
184,
184,
184,
184,
184,
184,
184,
177,
155,
131,
114,
100,
86,
72,
65,
58,
45,
43,
37,
30,
23,
23,
17,
16,
16,
9,
9,
9,
9,
3,
2,
2,
2,
2,
2,
2,
2,
1,
0,
2618,
2375,
2331,
2037,
1772,
1610,
1540,
1470,
1281,
1120,
980,
854,
813,
721,
721,
721,
700,
609,
532,
469,
406,
356,
308,
267,
232,
203,
176,
154,
136,
119,
105,
91,
77,
70,
63,
55,
43,
43,
43,
43,
43,
43,
43,
43,
43,
43,
43,
43,
43,
43,
43,
43,
43,
43,
43,
42,
36,
35,
35,
28,
28,
22,
21,
21,
21,
15,
15,
14,
14,
14,
14,
13,
8,
8,
8,
8,
7,
7,
7,
7,
7,
7,
7,
7,
7,
7,
7,
7,
7,
7,
6,
4,
1,
1,
1,
1,
1,
1,
1,
1,
1,
1,
1,
1,
0,
2903,
2532,
2231,
2105,
1945,
1699,
1482,
1357,
1280,
1280,
1124,
978,
852,
747,
656,
593,
571,
502,
474,
474,
474,
474,
460,
398,
348,
301,
264,
229,
201,
173,
152,
138,
117,
103,
89,
75,
68,
61,
48,
40,
40,
33,
27,
26,
19,
19,
13,
12,
12,
12,
11,
6,
5,
5,
5,
5,
4,
0,
2720,
2635,
2299,
2005,
1838,
1837,
1599,
1396,
1215,
1123,
1011,
1011,
990,
864,
752,
655,
576,
500,
437,
381,
332,
318,
318,
289,
255,
220,
199,
199,
199,
199,
199,
199,
199,
199,
199,
199,
199,
185,
157,
137,
122,
108,
93,
80,
72,
59,
53,
45,
38,
32,
31,
25,
24,
18,
17,
16,
10,
10,
10,
4,
3,
3,
3,
3,
3,
3,
3,
3,
2,
0,
2639,
2430,
2366,
2066,
1807,
1661,
1639,
1508,
1317,
1149,
1002,
960,
841,
834,
834,
778,
673,
582,
505,
441,
379,
336,
288,
253,
218,
184,
162,
141,
141,
141,
141,
141,
141,
134,
120,
106,
92,
85,
71,
64,
57,
50,
43,
36,
35,
29,
28,
22,
22,
22,
22,
22,
22,
22,
22,
22,
22,
22,
22,
22,
22,
22,
22,
22,
22,
22,
22,
22,
22,
22,
22,
22,
22,
22,
22,
22,
22,
22,
22,
22,
22,
22,
22,
22,
22,
22,
22,
22,
22,
22,
22,
22,
22,
22,
22,
22,
22,
22,
22,
22,
22,
22,
22,
22,
22,
22,
22,
22,
22,
22,
22,
22,
22,
22,
22,
22,
22,
22,
22,
22,
22,
22,
22,
22,
22,
22,
22,
22,
22,
22,
22,
22,
22,
22,
22,
22,
22,
22,
22,
22,
22,
22,
22,
22,
22,
22,
22,
15,
15,
15,
9,
8,
8,
8,
2,
2,
1,
1,
1,
1,
1,
1,
1,
1,
1,
0,
2603,
2323,
2197,
2036,
1763,
1525,
1392,
1330,
1308,
1133,
979,
846,
734,
635,
602,
552,
482,
482,
482,
482,
482,
440,
384,
335,
293,
251,
223,
195,
167,
146,
125,
112,
97,
83,
76,
62,
55,
48,
41,
35,
33,
27,
25,
20,
20,
14,
13,
12,
6,
6,
6,
6,
3,
0,
2762,
2671,
2328,
2033,
1887,
1852,
1607,
1397,
1209,
1124,
1040,
1040,
977,
845,
733,
640,
551,
480,
417,
361,
326,
326,
312,
271,
241,
207,
200,
200,
200,
200,
200,
200,
200,
200,
200,
200,
193,
165,
144,
123,
109,
95,
81,
67,
60,
52,
42,
39,
32,
25,
25,
18,
18,
12,
11,
11,
5,
4,
4,
4,
4,
4,
3,
0,
2607,
2382,
2333,
2025,
1752,
1563,
1493,
1430,
1241,
1074,
934,
820,
758,
667,
633,
633,
633,
618,
548,
471,
408,
352,
304,
262,
227,
198,
170,
149,
128,
107,
93,
80,
72,
58,
51,
44,
37,
30,
29,
23,
22,
16,
15,
9,
9,
9,
3,
2,
2,
2,
2,
2,
2,
2,
1,
0,
2849,
2639,
2282,
2044,
1976,
1778,
1540,
1337,
1225,
1113,
1113,
1043,
903,
783,
678,
588,
575,
575,
575,
547,
476,
449,
449,
449,
449,
448,
392,
336,
294,
252,
223,
189,
168,
146,
125,
105,
91,
78,
70,
57,
49,
42,
36,
34,
28,
21,
21,
15,
14,
14,
7,
7,
7,
6,
1,
1,
0,
2609,
2511,
2197,
1902,
1651,
1580,
1496,
1294,
1125,
976,
845,
733,
649,
649,
649,
649,
565,
488,
424,
362,
313,
271,
236,
202,
174,
152,
131,
110,
96,
82,
75,
61,
54,
47,
40,
33,
26,
20,
19,
13,
12,
12,
6,
5,
5,
5,
5,
0,
2748,
2566,
2222,
2012,
1900,
1761,
1529,
1332,
1194,
1088,
1070,
1070,
934,
815,
703,
612,
529,
459,
402,
374,
374,
346,
304,
262,
248,
248,
248,
248,
248,
248,
248,
248,
241,
207,
178,
156,
135,
115,
100,
82,
73,
60,
52,
45,
38,
31,
30,
24,
17,
17,
11,
10,
10,
9,
3,
3,
3,
3,
2,
0,
2598,
2416,
2332,
2018,
1745,
1610,
1576,
1463,
1275,
1107,
960,
883,
813,
757,
757,
757,
674,
583,
505,
436,
379,
330,
288,
246,
212,
189,
162,
141,
120,
106,
91,
78,
65,
57,
50,
43,
42,
42,
42,
42,
42,
42,
42,
42,
42,
42,
42,
42,
42,
42,
42,
42,
42,
40,
36,
36,
29,
29,
28,
22,
22,
22,
18,
16,
15,
15,
15,
15,
9,
9,
8,
8,
8,
8,
8,
8,
8,
8,
8,
7,
7,
2,
2,
2,
2,
2,
2,
2,
2,
2,
2,
1,
1,
1,
1,
1,
1,
1,
1,
1,
1,
1,
1,
1,
1,
1,
1,
1,
1,
1,
1,
1,
1,
1,
1,
1,
1,
1,
1,
1,
1,
1,
1,
1,
1,
1,
1,
1,
1,
1,
1,
1,
1,
1,
1,
1,
1,
1,
1,
1,
1,
1,
1,
1,
1,
1,
1,
1,
1,
1,
1,
1,
1,
1,
1,
1,
1,
0,
2876,
2491,
2175,
2043,
1910,
1652,
1434,
1287,
1162,
1162,
1084,
944,
818,
706,
615,
531,
462,
419,
405,
356,
307,
299,
299,
299,
299,
299,
299,
299,
265,
230,
202,
174,
147,
130,
111,
97,
83,
69,
62,
50,
47,
41,
34,
27,
23,
20,
16,
13,
13,
7,
6,
6,
6,
0,
773,
763,
763,
2678,
763,
763,
763,
763,
2538,
763,
763,
705,
2433,
681,
681,
681,
681,
2117,
681,
681,
681,
1852,
681,
681,
628,
1726,
558,
558,
1677,
558,
558,
558,
1459,
558,
558,
558,
1264,
558,
558,
1096,
558,
544,
998,
488,
467,
900,
467,
467,
886,
467,
467,
886,
467,
467,
823,
467,
467,
712,
467,
620,
467,
467,
536,
467,
466,
453,
424,
419,
394,
397,
354,
397,
311,
264,
397,
234,
397,
207,
207,
397,
206,
180,
397,
158,
137,
123,
397,
108,
94,
82,
397,
82,
82,
82,
82,
82,
397,
82,
82,
82,
82,
397,
82,
82,
82,
82,
397,
82,
82,
82,
82,
82,
397,
82,
82,
82,
82,
397,
82,
82,
82,
74,
67,
397,
60,
49,
44,
39,
32,
26,
25,
18,
18,
397,
12,
11,
11,
10,
5,
4,
4,
4,
4,
4,
3,
0,
397,
369,
341,
327,
327,
327,
327,
327,
327,
327,
327,
327,
327,
327,
327,
327,
327,
327,
327,
327,
327,
327,
293,
257,
222,
201,
201,
201,
201,
201,
201,
201,
201,
201,
201,
201,
201,
201,
201,
201,
201,
201,
201,
201,
201,
201,
201,
201,
201,
201,
201,
201,
201,
201,
201,
201,
187,
166,
144,
124,
110,
96,
82,
75,
75,
75,
75,
75,
75,
75,
75,
75,
75,
75,
75,
75,
75,
75,
75,
75,
75,
75,
75,
75,
75,
75,
75,
75,
75,
75,
75,
75,
75,
75,
75,
75,
75,
75,
75,
75,
75,
75,
75,
75,
75,
75,
75,
75,
75,
75,
75,
75,
75,
75,
75,
75,
75,
75,
75,
75,
75,
75,
75,
75,
75,
75,
75,
75,
75,
75,
75,
75,
75,
75,
75,
75,
75,
75,
75,
75,
75,
75,
75,
75,
75,
75,
75,
75,
68,
61,
55,
53,
47,
40,
39,
33,
32,
26,
26,
21,
19,
19,
19,
18,
13,
12,
12,
12,
12,
6,
6,
5,
5,
5,
5,
5,
5,
5,
5,
5,
5,
5,
4,
4,
3,
0,
2250,
2989,
1969,
2989,
1773,
1760,
2868,
1529,
1325,
2868,
1150,
1059,
2796,
919,
905,
905,
2796,
828,
716,
625,
2796,
542,
505,
457,
396,
345,
296,
255,
2726,
226,
197,
170,
143,
136,
136,
136,
136,
128,
114,
107,
107,
107,
107,
107,
107,
107,
107,
107,
2726,
107,
107,
107,
107,
107,
107,
107,
107,
107,
107,
107,
93,
79,
72,
66,
65,
58,
52,
51,
44,
44,
37,
37,
31,
30,
30,
23,
23,
23,
17,
16,
16,
16,
15,
10,
9,
9,
9,
3,
2,
2,
2,
2,
2,
2,
2,
2,
1,
2657,
394,
345,
296,
255,
225,
198,
171,
149,
128,
114,
94,
2657,
86,
72,
59,
51,
44,
37,
34,
30,
23,
23,
16,
16,
10,
9,
9,
9,
3,
2,
2,
2,
2,
2,
2,
2,
2,
1,
0,
2657,
2530,
2530,
2502,
2404,
2404,
2334,
2278,
2278,
2229,
2152,
2152,
2152,
2026,
2026,
2026,
1897,
1897,
1897,
1897,
1771,
1771,
1771,
1771,
1642,
1642,
1642,
1642,
1515,
1515,
1515,
1515,
1487,
1389,
1389,
1389,
1389,
1360,
1263,
1263,
1263,
1263,
1263,
1144,
1137,
1137,
1137,
1137,
1137,
1046,
1011,
1011,
1011,
1011,
1011,
1011,
913,
885,
885,
885,
885,
885,
885,
885,
780,
759,
759,
759,
759,
759,
759,
759,
759,
675,
633,
633,
633,
633,
633,
633,
633,
633,
633,
633,
550,
507,
507,
507,
507,
507,
507,
507,
507,
507,
507,
507,
507,
479,
419,
381,
381,
381,
381,
381,
381,
381,
381,
381,
381,
381,
381,
381,
381,
381,
381,
367,
319,
282,
256,
256,
256,
256,
256,
256,
256,
256,
256,
256,
256,
256,
256,
256,
256,
256,
256,
256,
256,
256,
256,
256,
256,
256,
248,
213,
192,
164,
143,
136,
136,
136,
136,
136,
136,
136,
136,
136,
136,
136,
136,
136,
136,
136,
136,
136,
136,
136,
136,
136,
136,
136,
136,
136,
136,
136,
136,
136,
136,
136,
136,
136,
136,
136,
136,
136,
136,
136,
136,
136,
136,
136,
136,
136,
136,
123,
109,
100,
87,
73,
66,
58,
52,
45,
38,
37,
31,
30,
24,
24,
23,
23,
23,
23,
23,
23,
23,
23,
23,
23,
23,
23,
23,
23,
23,
23,
23,
23,
23,
23,
23,
23,
23,
23,
23,
23,
23,
23,
23,
23,
23,
23,
23,
23,
23,
23,
23,
23,
23,
23,
23,
23,
23,
23,
23,
23,
23,
23,
23,
23,
23,
23,
23,
23,
23,
23,
23,
23,
23,
23,
23,
23,
23,
23,
23,
23,
23,
23,
23,
23,
23,
23,
23,
23,
23,
23,
23,
23,
23,
23,
23,
23,
23,
23,
23,
23,
23,
23,
23,
23,
23,
23,
23,
23,
23,
23,
23,
23,
23,
23,
23,
23,
23,
23,
23,
23,
23,
23,
23,
23,
23,
23,
23,
23,
23,
23,
23,
23,
23,
23,
23,
23,
23,
23,
23,
23,
23,
23,
23,
23,
23,
23,
23,
23,
23,
23,
23,
23,
23,
23,
23,
23,
23,
23,
23,
23,
23,
23,
23,
23,
23,
23,
23,
23,
23,
23,
23,
23,
23,
23,
23,
23,
23,
23,
23,
23,
23,
23,
23,
23,
23,
23,
23,
23,
23,
23,
23,
23,
23,
23,
23,
23,
23,
23,
23,
23,
23,
23,
23,
23,
23,
23,
23,
23,
23,
23,
23,
23,
23,
23,
23,
23,
23,
23,
23,
23,
23,
23,
23,
23,
23,
23,
23,
23,
23,
23,
23,
23,
23,
23,
23,
23,
23,
23,
23,
23,
23,
23,
23,
23,
23,
23,
23,
23,
23,
23,
23,
23,
23,
23,
23,
23,
23,
23,
23,
23,
23,
23,
23,
23,
23,
23,
23,
23,
23,
23,
23,
23,
23,
23,
23,
23,
23,
23,
23,
23,
23,
23,
23,
23,
23,
23,
23,
23,
23,
23,
23,
23,
23,
23,
23,
23,
20,
17,
17,
17,
16,
11,
10,
10,
10,
10,
10,
10,
9,
4,
4,
4,
3,
3,
3,
3,
3,
3,
3,
3,
3,
3,
3,
3,
3,
3,
3,
3,
3,
2,
2,
2,
2,
2,
2,
1,
0,
2903,
2878,
2716,
2903,
2415,
2829,
2177,
2829,
2093,
2780,
1939,
1687,
2759,
1457,
2759,
1310,
1274,
2632,
1239,
1078,
937,
2632,
812,
700,
609,
2619,
574,
554,
483,
448,
448,
2521,
448,
448,
448,
399,
343,
301,
2521,
259,
224,
196,
168,
147,
126,
111,
92,
83,
70,
63,
56,
50,
49,
42,
42,
35,
35,
34,
28,
28,
22,
21,
21,
21,
20,
14,
14,
14,
14,
13,
8,
7,
7,
2465,
7,
7,
7,
7,
6,
3,
1,
1,
0,
2457,
2457,
2325,
2325,
2325,
2199,
2199,
2199,
2115,
2073,
2073,
2073,
1941,
1941,
1941,
1852,
1814,
1814,
1814,
1689,
1688,
1688,
1688,
1604,
1562,
1562,
1562,
1562,
1435,
1435,
1435,
1435,
1414,
1303,
1303,
1303,
1303,
1303,
1177,
1177,
1177,
1177,
1177,
1177,
1050,
1050,
1050,
1050,
1050,
1050,
1016,
925,
925,
925,
925,
925,
925,
925,
834,
799,
799,
799,
799,
799,
799,
799,
792,
694,
674,
674,
674,
674,
674,
674,
674,
674,
674,
604,
547,
547,
547,
547,
547,
547,
547,
547,
547,
547,
547,
540,
470,
422,
422,
422,
422,
422,
422,
422,
422,
422,
422,
422,
422,
422,
422,
422,
386,
336,
296,
296,
296,
296,
296,
296,
296,
296,
296,
296,
296,
296,
296,
296,
296,
296,
296,
296,
296,
296,
296,
281,
246,
217,
190,
176,
176,
176,
176,
176,
176,
176,
176,
176,
176,
176,
176,
176,
176,
176,
176,
176,
176,
176,
176,
176,
176,
176,
176,
176,
176,
176,
176,
176,
176,
176,
176,
176,
176,
176,
169,
148,
127,
113,
99,
86,
78,
71,
63,
57,
57,
57,
57,
57,
57,
57,
57,
57,
57,
57,
57,
57,
57,
57,
57,
57,
57,
57,
57,
57,
57,
57,
57,
57,
57,
57,
57,
57,
57,
57,
57,
57,
57,
57,
57,
57,
57,
57,
57,
57,
57,
57,
57,
57,
57,
57,
57,
57,
57,
57,
57,
57,
57,
57,
57,
57,
57,
57,
57,
57,
57,
57,
57,
57,
57,
57,
57,
57,
57,
57,
57,
57,
57,
57,
57,
57,
57,
57,
57,
57,
57,
57,
57,
57,
57,
57,
57,
57,
57,
57,
57,
57,
57,
57,
57,
57,
57,
57,
57,
57,
57,
57,
57,
57,
57,
57,
57,
57,
57,
57,
51,
50,
43,
42,
36,
36,
30,
29,
27,
22,
22,
21,
15,
15,
15,
15,
15,
15,
9,
9,
8,
8,
8,
8,
8,
8,
8,
8,
8,
8,
7,
7,
5,
2,
2,
2,
2,
2,
2,
2,
2,
2,
1,
1,
1,
1,
1,
1,
1,
1,
1,
1,
1,
1,
1,
1,
1,
1,
1,
1,
1,
1,
1,
1,
1,
1,
1,
1,
1,
1,
1,
1,
1,
1,
1,
1,
1,
1,
1,
1,
1,
1,
1,
1,
1,
1,
1,
1,
1,
1,
1,
1,
1,
1,
1,
1,
1,
1,
1,
1,
1,
1,
1,
1,
1,
1,
1,
1,
1,
1,
1,
1,
1,
1,
1,
1,
0,
2981,
2931,
2818,
2981,
2504,
2905,
2217,
2905,
2085,
2778,
1951,
1692,
2778,
1474,
2778,
1362,
1293,
2701,
1293,
1146,
2701,
999,
860,
768,
705,
2631,
634,
607,
530,
503,
2631,
503,
503,
503,
467,
404,
2631,
348,
300,
272,
251,
236,
215,
187,
164,
139,
124,
107,
90,
2554,
82,
68,
61,
48,
41,
39,
33,
26,
20,
19,
13,
12,
12,
11,
5,
5,
5,
5,
4,
0,
2554,
2547,
2428,
2428,
2372,
2302,
2302,
2253,
2170,
2170,
2170,
2049,
2049,
2049,
1918,
1918,
1918,
1918,
1791,
1791,
1791,
1777,
1665,
1665,
1665,
1665,
1539,
1539,
1539,
1539,
1448,
1413,
1413,
1413,
1413,
1315,
1287,
1287,
1287,
1287,
1266,
1161,
1161,
1161,
1161,
1161,
1134,
1035,
1035,
1035,
1035,
1035,
1035,
972,
909,
909,
909,
909,
909,
909,
909,
811,
783,
783,
783,
783,
783,
783,
783,
783,
685,
664,
664,
664,
664,
664,
664,
664,
664,
664,
615,
544,
544,
544,
544,
544,
544,
544,
544,
544,
544,
544,
544,
482,
419,
419,
419,
419,
419,
419,
419,
419,
419,
419,
419,
419,
419,
419,
419,
398,
349,
301,
293,
293,
293,
293,
293,
293,
293,
293,
293,
293,
293,
293,
293,
293,
293,
293,
293,
293,
293,
293,
293,
265,
230,
202,
174,
167,
167,
167,
167,
167,
167,
167,
167,
167,
167,
167,
167,
167,
167,
167,
167,
167,
167,
167,
167,
167,
167,
167,
167,
167,
167,
167,
167,
167,
167,
167,
167,
167,
167,
167,
167,
167,
153,
132,
118,
104,
90,
76,
69,
61,
49,
47,
41,
41,
41,
41,
41,
41,
41,
41,
41,
41,
41,
41,
41,
41,
41,
41,
41,
41,
41,
41,
41,
41,
41,
41,
41,
41,
41,
41,
41,
41,
41,
41,
41,
41,
41,
41,
41,
41,
41,
41,
41,
41,
41,
41,
41,
41,
41,
41,
41,
41,
41,
41,
41,
41,
41,
41,
41,
41,
41,
41,
41,
41,
41,
41,
41,
41,
41,
41,
41,
41,
41,
41,
41,
41,
41,
41,
41,
41,
41,
41,
41,
41,
41,
41,
41,
41,
41,
41,
41,
41,
41,
41,
41,
41,
41,
41,
41,
41,
41,
41,
41,
41,
41,
41,
41,
41,
41,
41,
41,
41,
41,
41,
41,
41,
41,
41,
41,
41,
41,
41,
41,
41,
41,
41,
41,
41,
41,
41,
41,
41,
41,
41,
41,
41,
41,
41,
41,
41,
41,
41,
41,
41,
41,
41,
41,
41,
41,
41,
41,
41,
41,
41,
41,
41,
41,
41,
40,
34,
34,
27,
27,
26,
20,
20,
20,
19,
13,
13,
13,
13,
13,
12,
7,
7,
6,
6,
6,
6,
6,
6,
6,
6,
6,
5,
5,
0,
2931,
2874,
2761,
2931,
2460,
2860,
2201,
2860,
2096,
2775,
1943,
1690,
2770,
1466,
2770,
1340,
1299,
2664,
1289,
1126,
2664,
983,
863,
752,
689,
2622,
661,
605,
529,
529,
2587,
529,
529,
514,
450,
388,
2587,
338,
290,
255,
220,
214,
214,
214,
214,
214,
214,
2489,
214,
214,
214,
214,
214,
214,
214,
214,
214,
214,
214,
2489,
199,
178,
151,
136,
115,
101,
94,
94,
94,
94,
94,
94,
94,
94,
94,
94,
94,
94,
94,
94,
94,
2489,
94,
94,
94,
94,
94,
94,
94,
92,
86,
80,
73,
66,
59,
58,
52,
46,
45,
38,
38,
32,
31,
30,
24,
18,
17,
16,
10,
10,
10,
4,
4,
3,
3,
3,
3,
3,
2,
0,
2419,
2419,
2419,
2293,
2293,
2293,
2167,
2167,
2167,
2041,
2041,
2041,
1978,
1915,
1915,
1915,
1782,
1782,
1782,
1782,
1656,
1656,
1656,
1656,
1537,
1530,
1530,
1530,
1523,
1404,
1404,
1404,
1404,
1383,
1278,
1278,
1278,
1278,
1278,
1153,
1152,
1152,
1152,
1152,
1152,
1061,
1052,
1052,
1052,
1052,
1052,
1034,
922,
922,
922,
922,
922,
922,
922,
851,
796,
796,
796,
796,
796,
796,
796,
796,
703,
669,
669,
669,
669,
669,
669,
669,
669,
669,
620,
543,
543,
543,
543,
543,
543,
543,
543,
543,
543,
543,
543,
487,
424,
417,
417,
417,
417,
417,
417,
417,
417,
417,
417,
417,
417,
417,
417,
404,
354,
308,
291,
291,
291,
291,
291,
291,
291,
291,
291,
291,
291,
291,
291,
291,
291,
291,
291,
291,
291,
291,
291,
270,
235,
207,
179,
166,
166,
166,
166,
166,
166,
166,
166,
166,
166,
166,
166,
166,
166,
166,
166,
166,
166,
166,
166,
166,
166,
166,
166,
166,
166,
166,
166,
166,
166,
166,
166,
166,
166,
166,
166,
166,
150,
130,
110,
96,
88,
74,
67,
60,
52,
46,
43,
43,
43,
43,
43,
43,
43,
43,
43,
43,
43,
43,
43,
43,
43,
43,
43,
43,
43,
43,
43,
43,
43,
43,
43,
43,
43,
43,
43,
43,
43,
43,
43,
43,
43,
43,
43,
43,
43,
43,
43,
43,
43,
43,
43,
43,
43,
43,
43,
43,
43,
43,
43,
43,
43,
43,
43,
43,
43,
43,
43,
43,
43,
43,
43,
43,
43,
43,
43,
43,
43,
43,
43,
43,
43,
43,
43,
43,
43,
43,
43,
43,
43,
43,
43,
43,
43,
43,
43,
43,
43,
43,
43,
43,
43,
43,
43,
43,
43,
43,
43,
43,
43,
43,
43,
43,
43,
43,
43,
43,
43,
43,
43,
43,
43,
43,
43,
43,
43,
43,
43,
43,
43,
43,
43,
43,
43,
43,
43,
43,
43,
43,
43,
43,
43,
43,
43,
43,
43,
43,
43,
43,
43,
40,
39,
33,
32,
26,
25,
25,
18,
18,
18,
12,
11,
11,
11,
10,
5,
5,
4,
4,
4,
4,
4,
4,
4,
4,
4,
4,
4,
4,
4,
3,
3,
2,
0,
2963,
2935,
2829,
2963,
2724,
2837,
2374,
2837,
2136,
2746,
2038,
2740,
1920,
1667,
2740,
1506,
2669,
1345,
1219,
2669,
1219,
1121,
995,
2637,
898,
778,
680,
2599,
589,
527,
491,
428,
2599,
402,
402,
402,
402,
402,
386,
344,
2494,
302,
260,
226,
197,
175,
148,
128,
113,
99,
85,
71,
64,
51,
44,
37,
36,
29,
2494,
22,
22,
16,
15,
15,
8,
8,
8,
8,
2,
2,
1,
1,
1,
1,
1,
1,
1,
1,
1,
1,
0,
2494,
2368,
2368,
2368,
2242,
2242,
2242,
2115,
2115,
2115,
2011,
1984,
1984,
1984,
1857,
1857,
1857,
1830,
1731,
1731,
1731,
1703,
1605,
1605,
1605,
1605,
1479,
1479,
1479,
1479,
1457,
1347,
1347,
1347,
1347,
1347,
1220,
1220,
1220,
1220,
1220,
1178,
1094,
1094,
1094,
1094,
1094,
1094,
968,
968,
968,
968,
968,
968,
968,
870,
842,
842,
842,
842,
842,
842,
842,
779,
716,
716,
716,
716,
716,
716,
716,
716,
716,
632,
589,
589,
589,
589,
589,
589,
589,
589,
589,
589,
577,
506,
458,
458,
458,
458,
458,
458,
458,
458,
458,
458,
458,
458,
458,
457,
401,
352,
338,
338,
338,
338,
338,
338,
338,
338,
338,
338,
338,
338,
338,
338,
338,
338,
338,
338,
304,
268,
240,
226,
226,
226,
226,
226,
226,
226,
226,
226,
226,
226,
226,
226,
226,
226,
226,
226,
226,
226,
226,
226,
226,
226,
226,
226,
226,
226,
220,
198,
171,
150,
134,
114,
107,
107,
107,
107,
107,
107,
107,
107,
107,
107,
107,
107,
107,
107,
107,
107,
107,
107,
107,
107,
107,
107,
107,
107,
107,
107,
107,
107,
107,
107,
107,
107,
107,
107,
107,
107,
107,
107,
107,
107,
107,
107,
107,
107,
107,
107,
107,
107,
107,
107,
107,
107,
107,
107,
107,
107,
107,
107,
94,
86,
78,
65,
58,
51,
44,
37,
36,
30,
24,
23,
22,
16,
16,
16,
11,
9,
9,
9,
9,
9,
9,
9,
8,
8,
3,
3,
3,
2,
2,
2,
2,
2,
2,
2,
2,
2,
2,
2,
2,
2,
2,
2,
2,
2,
2,
2,
2,
2,
2,
2,
2,
2,
2,
2,
2,
1,
1,
1,
1,
1,
1,
1,
1,
1,
0,
2990,
2994,
2990,
2869,
2547,
2919,
2211,
2919,
2072,
2793,
1980,
2793,
1714,
1483,
2778,
1356,
1231,
2695,
1231,
1139,
986,
2695,
854,
776,
699,
2619,
601,
559,
524,
461,
2619,
433,
433,
433,
433,
433,
398,
2619,
364,
342,
314,
293,
265,
229,
195,
167,
146,
125,
2549,
111,
91,
79,
69,
61,
48,
42,
35,
34,
27,
20,
20,
14,
13,
13,
7,
6,
6,
6,
6,
2,
2549,
2512,
2422,
2422,
2345,
2303,
2303,
2247,
2205,
2205,
2182,
2079,
2079,
2079,
1953,
1953,
1953,
1904,
1827,
1827,
1827,
1743,
1708,
1708,
1708,
1638,
1582,
1582,
1582,
1582,
1463,
1463,
1463,
1463,
1428,
1343,
1343,
1343,
1343,
1337,
1217,
1217,
1217,
1217,
1217,
1162,
1091,
1091,
1091,
1091,
1091,
1091,
965,
965,
965,
965,
965,
965,
965,
861,
833,
833,
833,
833,
833,
833,
833,
784,
707,
707,
707,
707,
707,
707,
707,
707,
707,
643,
588,
588,
588,
588,
588,
588,
588,
588,
588,
588,
588,
512,
463,
463,
463,
463,
463,
463,
463,
463,
463,
463,
463,
463,
463,
456,
405,
357,
349,
349,
349,
349,
349,
349,
349,
349,
349,
349,
349,
349,
349,
349,
349,
349,
349,
329,
287,
252,
224,
224,
224,
224,
224,
224,
224,
224,
224,
224,
224,
224,
224,
224,
224,
224,
224,
224,
224,
224,
224,
224,
224,
224,
224,
224,
224,
224,
203,
175,
154,
133,
119,
104,
98,
98,
98,
98,
98,
98,
98,
98,
98,
98,
98,
98,
98,
98,
98,
98,
98,
98,
98,
98,
98,
98,
98,
98,
98,
98,
98,
98,
98,
98,
98,
98,
98,
98,
98,
98,
98,
98,
98,
98,
98,
98,
98,
98,
98,
98,
98,
98,
98,
98,
98,
98,
98,
98,
98,
98,
98,
98,
98,
98,
98,
98,
98,
98,
91,
78,
70,
63,
56,
49,
42,
41,
35,
29,
28,
28,
22,
21,
21,
21,
15,
14,
14,
14,
14,
14,
9,
8,
8,
8,
7,
7,
7,
7,
7,
7,
7,
7,
6,
4,
1,
1,
1,
1,
1,
1,
1,
1,
1,
1,
1,
1,
0,
2887,
2994,
2783,
2994,
2475,
2924,
2202,
2924,
2083,
2805,
1915,
1663,
2805,
1439,
2783,
1355,
1305,
1305,
2734,
1145,
992,
2734,
865,
767,
706,
2659,
669,
626,
543,
543,
2659,
543,
543,
529,
459,
403,
353,
2659,
312,
285,
264,
249,
214,
186,
164,
137,
123,
103,
88,
79,
67,
59,
46,
2589,
40,
38,
32,
25,
24,
18,
17,
11,
11,
10,
4,
4,
4,
4,
4,
4,
3,
0,
2589,
2511,
2469,
2469,
2398,
2398,
2398,
2267,
2267,
2267,
2146,
2146,
2146,
2091,
2021,
2021,
2021,
1895,
1895,
1895,
1874,
1769,
1769,
1769,
1734,
1643,
1643,
1643,
1643,
1517,
1517,
1517,
1517,
1447,
1391,
1391,
1391,
1391,
1328,
1266,
1266,
1266,
1266,
1266,
1160,
1160,
1160,
1160,
1160,
1160,
1035,
1035,
1035,
1035,
1035,
1035,
1012,
915,
915,
915,
915,
915,
915,
915,
852,
810,
810,
810,
810,
810,
810,
810,
803,
699,
684,
684,
684,
684,
684,
684,
684,
684,
684,
600,
559,
559,
559,
559,
559,
559,
559,
559,
559,
559,
559,
516,
453,
439,
439,
439,
439,
439,
439,
439,
439,
439,
439,
439,
439,
439,
438,
383,
334,
313,
313,
313,
313,
313,
313,
313,
313,
313,
313,
313,
313,
313,
313,
313,
313,
313,
313,
313,
313,
278,
243,
208,
188,
188,
188,
188,
188,
188,
188,
188,
188,
188,
188,
188,
188,
188,
188,
188,
188,
188,
188,
188,
188,
188,
188,
188,
188,
188,
188,
188,
188,
188,
188,
188,
188,
174,
153,
138,
117,
103,
90,
82,
68,
68,
68,
68,
68,
68,
68,
68,
68,
68,
68,
68,
68,
68,
68,
68,
68,
68,
68,
68,
68,
68,
68,
68,
68,
68,
68,
68,
68,
68,
68,
68,
68,
68,
68,
68,
68,
68,
68,
68,
68,
68,
68,
68,
68,
68,
68,
68,
68,
68,
68,
68,
68,
68,
68,
68,
68,
68,
68,
68,
68,
68,
68,
68,
68,
68,
68,
68,
68,
68,
68,
68,
68,
68,
68,
68,
68,
68,
68,
68,
68,
68,
68,
68,
68,
68,
68,
68,
68,
68,
68,
68,
61,
54,
47,
41,
40,
33,
32,
26,
26,
20,
19,
19,
19,
18,
12,
12,
12,
12,
12,
11,
6,
6,
5,
5,
5,
5,
5,
5,
5,
5,
5,
5,
5,
4,
4,
0,
2957,
2879,
2705,
2957,
2410,
2887,
2130,
2887,
2054,
2803,
1892,
1646,
2803,
1430,
1290,
2803,
1241,
1235,
2691,
1080,
975,
2691,
890,
787,
702,
652,
2614,
610,
527,
526,
526,
2614,
526,
520,
450,
400,
345,
296,
2614,
261,
226,
198,
176,
163,
149,
136,
128,
120,
107,
93,
79,
71,
58,
51,
44,
37,
30,
30,
23,
17,
16,
16,
9,
9,
9,
8,
3,
2,
2,
2544,
2,
2,
2,
2,
2,
2,
1,
0,
2544,
2544,
2418,
2418,
2383,
2292,
2292,
2264,
2167,
2167,
2167,
2040,
2040,
2040,
1908,
1908,
1908,
1908,
1781,
1781,
1781,
1781,
1648,
1648,
1648,
1648,
1522,
1522,
1522,
1522,
1480,
1395,
1395,
1395,
1395,
1354,
1264,
1264,
1264,
1264,
1264,
1137,
1137,
1137,
1137,
1137,
1137,
1039,
1005,
1005,
1005,
1005,
1005,
1005,
907,
878,
878,
878,
878,
878,
878,
878,
787,
758,
758,
758,
758,
758,
758,
758,
758,
689,
633,
633,
633,
633,
633,
633,
633,
633,
633,
633,
570,
507,
507,
507,
507,
507,
507,
507,
507,
507,
507,
507,
507,
494,
436,
381,
381,
381,
381,
381,
381,
381,
381,
381,
381,
381,
381,
381,
381,
381,
381,
380,
333,
291,
262,
262,
262,
262,
262,
262,
262,
262,
262,
262,
262,
262,
262,
262,
262,
262,
262,
262,
262,
262,
262,
262,
262,
262,
235,
206,
178,
157,
136,
136,
136,
136,
136,
136,
136,
136,
136,
136,
136,
136,
136,
136,
136,
136,
136,
136,
136,
136,
136,
136,
136,
136,
136,
136,
136,
136,
136,
136,
136,
136,
136,
136,
136,
136,
136,
136,
136,
136,
136,
136,
136,
136,
136,
136,
129,
115,
101,
87,
74,
66,
59,
52,
45,
39,
38,
31,
30,
24,
24,
18,
17,
17,
17,
17,
17,
17,
17,
17,
17,
17,
17,
17,
17,
17,
17,
17,
17,
17,
17,
17,
17,
17,
17,
17,
17,
17,
17,
17,
17,
17,
17,
17,
17,
17,
17,
17,
17,
17,
17,
17,
17,
17,
17,
17,
17,
17,
17,
17,
17,
17,
17,
17,
17,
17,
17,
17,
17,
17,
17,
17,
17,
17,
17,
17,
17,
17,
17,
17,
17,
17,
17,
17,
17,
17,
17,
17,
17,
17,
17,
17,
17,
17,
17,
17,
17,
17,
17,
17,
17,
17,
17,
17,
17,
17,
17,
17,
17,
17,
17,
17,
17,
17,
17,
17,
17,
17,
17,
17,
17,
17,
17,
17,
17,
17,
17,
17,
17,
17,
17,
17,
17,
17,
17,
17,
17,
17,
17,
17,
17,
17,
17,
17,
17,
17,
17,
17,
17,
17,
17,
17,
17,
17,
17,
17,
17,
17,
17,
17,
17,
17,
17,
17,
17,
17,
17,
17,
17,
17,
17,
17,
17,
17,
17,
17,
17,
17,
17,
17,
17,
17,
17,
17,
17,
17,
17,
17,
17,
17,
17,
17,
17,
17,
17,
17,
17,
17,
17,
17,
17,
17,
17,
17,
17,
17,
17,
17,
17,
17,
17,
17,
17,
17,
17,
17,
17,
17,
17,
17,
17,
17,
17,
17,
17,
17,
17,
17,
17,
17,
17,
17,
17,
17,
17,
17,
17,
17,
17,
17,
17,
17,
17,
17,
17,
17,
17,
17,
17,
17,
17,
17,
17,
17,
17,
17,
17,
17,
17,
17,
17,
17,
17,
17,
17,
17,
17,
17,
17,
17,
17,
17,
17,
17,
17,
17,
17,
17,
17,
17,
17,
17,
17,
17,
17,
17,
17,
17,
17,
17,
17,
17,
17,
17,
17,
17,
17,
17,
17,
17,
17,
17,
17,
17,
17,
17,
17,
17,
17,
17,
17,
17,
17,
17,
17,
17,
17,
17,
17,
17,
17,
17,
17,
17,
17,
17,
17,
17,
17,
17,
17,
17,
17,
17,
17,
17,
17,
17,
17,
17,
17,
17,
17,
17,
17,
17,
17,
17,
17,
17,
17,
17,
17,
17,
17,
17,
17,
17,
17,
17,
17,
17,
17,
17,
17,
17,
17,
17,
17,
17,
17,
17,
17,
17,
17,
17,
17,
17,
17,
17,
17,
17,
17,
17,
17,
17,
17,
16,
11,
10,
10,
10,
10,
10,
9,
5,
4,
4,
3,
3,
3,
3,
3,
3,
3,
3,
3,
3,
3,
3,
3,
3,
3,
3,
3,
3,
3,
3,
3,
3,
2,
2,
2,
0,
2877,
2898,
2730,
2898,
2429,
2822,
2149,
2822,
2058,
2780,
1925,
1673,
2752,
1449,
2752,
1309,
1246,
2626,
1240,
1078,
938,
2626,
812,
706,
609,
2619,
553,
553,
483,
427,
427,
2521,
427,
427,
427,
409,
357,
308,
2521,
266,
231,
202,
175,
147,
127,
112,
98,
84,
70,
63,
51,
47,
41,
35,
34,
28,
28,
27,
21,
21,
21,
15,
14,
14,
14,
14,
13,
8,
7,
7,
7,
7,
7,
7,
6,
1,
1,
1,
0,
2471,
2451,
2451,
2324,
2324,
2324,
2195,
2195,
2195,
2122,
2073,
2073,
2073,
1947,
1947,
1947,
1849,
1814,
1814,
1814,
1689,
1689,
1689,
1689,
1597,
1562,
1562,
1562,
1562,
1436,
1436,
1436,
1436,
1408,
1310,
1310,
1310,
1310,
1310,
1184,
1184,
1184,
1184,
1184,
1177,
1052,
1052,
1052,
1052,
1052,
1052,
988,
925,
925,
925,
925,
925,
925,
925,
806,
799,
799,
799,
799,
799,
799,
799,
765,
673,
673,
673,
673,
673,
673,
673,
673,
673,
666,
589,
553,
553,
553,
553,
553,
553,
553,
553,
553,
553,
553,
512,
443,
422,
422,
422,
422,
422,
422,
422,
422,
422,
422,
422,
422,
422,
422,
413,
358,
309,
295,
295,
295,
295,
295,
295,
295,
295,
295,
295,
295,
295,
295,
295,
295,
295,
295,
295,
295,
295,
294,
260,
225,
196,
169,
169,
169,
169,
169,
169,
169,
169,
169,
169,
169,
169,
169,
169,
169,
169,
169,
169,
169,
169,
169,
169,
169,
169,
169,
169,
169,
169,
169,
169,
169,
169,
169,
169,
169,
169,
169,
162,
141,
120,
106,
92,
84,
71,
64,
56,
50,
50,
50,
50,
50,
50,
50,
50,
50,
50,
50,
50,
50,
50,
50,
50,
50,
50,
50,
50,
50,
50,
50,
50,
50,
50,
50,
50,
50,
50,
50,
50,
50,
50,
50,
50,
50,
50,
50,
50,
50,
50,
50,
50,
50,
50,
50,
50,
50,
50,
50,
50,
50,
50,
50,
50,
50,
50,
50,
50,
50,
50,
50,
50,
50,
50,
50,
50,
50,
50,
50,
50,
50,
50,
50,
50,
50,
50,
50,
50,
50,
50,
50,
50,
50,
50,
50,
50,
50,
50,
50,
50,
50,
50,
50,
50,
50,
50,
50,
50,
50,
50,
50,
50,
50,
50,
50,
50,
50,
50,
50,
50,
50,
50,
50,
50,
50,
50,
50,
50,
50,
50,
50,
50,
50,
50,
43,
43,
36,
36,
29,
29,
23,
22,
22,
22,
16,
15,
15,
15,
10,
9,
8,
8,
8,
8,
8,
8,
8,
8,
8,
7,
2,
2,
2,
2,
2,
2,
1,
1,
1,
1,
1,
1,
1,
1,
1,
1,
1,
1,
1,
1,
1,
1,
1,
1,
1,
1,
1,
1,
1,
1,
1,
1,
1,
1,
1,
1,
1,
1,
1,
1,
1,
1,
1,
1,
1,
1,
1,
1,
1,
1,
1,
1,
1,
1,
1,
1,
1,
1,
1,
1,
1,
1,
1,
1,
1,
1,
1,
1,
1,
1,
1,
1,
1,
1,
0,
2979,
2939,
2939,
2860,
2539,
2869,
2204,
2869,
2070,
2743,
1959,
2743,
1705,
1475,
2743,
1320,
1229,
2652,
1229,
1132,
2652,
979,
851,
733,
2610,
678,
606,
529,
503,
439,
2582,
404,
404,
404,
404,
404,
390,
2582,
335,
292,
256,
221,
194,
180,
167,
158,
145,
131,
117,
97,
2512,
86,
75,
62,
54,
47,
40,
33,
27,
26,
19,
19,
12,
12,
11,
6,
5,
5,
5,
5,
0,
2512,
2512,
2379,
2379,
2379,
2253,
2253,
2253,
2126,
2126,
2126,
1995,
1995,
1995,
1995,
1868,
1868,
1868,
1804,
1740,
1740,
1740,
1673,
1609,
1609,
1609,
1609,
1483,
1483,
1483,
1483,
1427,
1357,
1357,
1357,
1357,
1329,
1225,
1225,
1225,
1225,
1225,
1146,
1098,
1098,
1098,
1098,
1098,
1070,
972,
972,
972,
972,
972,
972,
965,
846,
846,
846,
846,
846,
846,
846,
846,
748,
720,
720,
720,
720,
720,
720,
720,
720,
692,
601,
594,
594,
594,
594,
594,
594,
594,
594,
594,
594,
544,
469,
468,
468,
468,
468,
468,
468,
468,
468,
468,
468,
468,
468,
468,
412,
356,
342,
342,
342,
342,
342,
342,
342,
342,
342,
342,
342,
342,
342,
342,
342,
342,
342,
342,
306,
265,
230,
216,
216,
216,
216,
216,
216,
216,
216,
216,
216,
216,
216,
216,
216,
216,
216,
216,
216,
216,
216,
216,
216,
216,
216,
216,
216,
216,
216,
213,
188,
166,
145,
125,
111,
97,
96,
96,
96,
96,
96,
96,
96,
96,
96,
96,
96,
96,
96,
96,
96,
96,
96,
96,
96,
96,
96,
96,
96,
96,
96,
96,
96,
96,
96,
96,
96,
96,
96,
96,
96,
96,
96,
96,
96,
96,
96,
96,
96,
96,
96,
96,
96,
96,
96,
96,
96,
96,
96,
96,
96,
96,
96,
96,
96,
96,
96,
96,
96,
96,
90,
83,
76,
69,
62,
54,
48,
41,
34,
34,
27,
27,
21,
20,
20,
14,
13,
13,
13,
12,
6,
6,
6,
6,
6,
6,
6,
6,
6,
6,
6,
5,
5,
1,
0,
2986,
2964,
2845,
2986,
2523,
2915,
2230,
2915,
2103,
2784,
1984,
2784,
1718,
1493,
2769,
1389,
1291,
2685,
1291,
1159,
2685,
1011,
878,
804,
2615,
717,
668,
633,
549,
2615,
536,
536,
536,
535,
472,
2615,
409,
360,
339,
311,
277,
241,
212,
179,
2544,
157,
136,
116,
101,
87,
74,
66,
58,
46,
39,
38,
31,
24,
24,
17,
17,
10,
10,
10,
4,
3,
3,
3,
3,
3,
2,
0,
2544,
2524,
2412,
2412,
2356,
2286,
2286,
2237,
2153,
2153,
2153,
2027,
2027,
2027,
1894,
1894,
1894,
1894,
1768,
1768,
1768,
1768,
1642,
1642,
1642,
1642,
1515,
1515,
1515,
1515,
1495,
1383,
1383,
1383,
1383,
1369,
1257,
1257,
1257,
1257,
1257,
1160,
1131,
1131,
1131,
1131,
1131,
1068,
1004,
1004,
1004,
1004,
1004,
1004,
935,
873,
873,
873,
873,
873,
873,
873,
803,
746,
746,
746,
746,
746,
746,
746,
746,
711,
614,
614,
614,
614,
614,
614,
614,
614,
614,
614,
607,
529,
487,
487,
487,
487,
487,
487,
487,
487,
487,
487,
487,
487,
487,
431,
374,
361,
361,
361,
361,
361,
361,
361,
361,
361,
361,
361,
361,
361,
361,
361,
361,
361,
326,
278,
242,
230,
230,
230,
230,
230,
230,
230,
230,
230,
230,
230,
230,
230,
230,
230,
230,
230,
230,
230,
230,
230,
230,
230,
230,
230,
230,
230,
207,
179,
158,
137,
116,
103,
103,
103,
103,
103,
103,
103,
103,
103,
103,
103,
103,
103,
103,
103,
103,
103,
103,
103,
103,
103,
103,
103,
103,
103,
103,
103,
103,
103,
103,
103,
103,
103,
103,
103,
103,
103,
103,
103,
103,
103,
103,
103,
103,
103,
103,
103,
103,
103,
103,
103,
103,
103,
103,
103,
103,
103,
103,
103,
103,
102,
94,
81,
68,
60,
53,
46,
40,
39,
32,
32,
25,
25,
18,
18,
18,
17,
11,
11,
11,
11,
10,
8,
5,
4,
4,
4,
4,
4,
4,
4,
4,
4,
4,
4,
4,
4,
4,
4,
4,
4,
3,
3,
3,
3,
1,
0,
2879,
2991,
2710,
2991,
2409,
2915,
2178,
2915,
2094,
2823,
1912,
1653,
2823,
1430,
1338,
2802,
1310,
1276,
2718,
1107,
961,
2718,
834,
722,
666,
652,
2641,
596,
525,
525,
525,
2641,
525,
512,
442,
386,
336,
288,
253,
2641,
218,
199,
184,
170,
161,
148,
128,
113,
99,
84,
71,
58,
50,
43,
36,
36,
29,
22,
22,
15,
15,
14,
8,
8,
8,
7,
2,
1,
1,
1,
1,
1,
1,
1,
2571,
2571,
2502,
2445,
2445,
2327,
2314,
2314,
2213,
2186,
2186,
2144,
2054,
2054,
2054,
1926,
1926,
1926,
1885,
1794,
1794,
1794,
1724,
1667,
1667,
1667,
1640,
1535,
1535,
1535,
1535,
1410,
1403,
1403,
1403,
1403,
1285,
1276,
1276,
1276,
1276,
1247,
1143,
1143,
1143,
1143,
1143,
1129,
1016,
1016,
1016,
1016,
1016,
1016,
975,
884,
884,
884,
884,
884,
884,
884,
834,
753,
753,
753,
753,
753,
753,
753,
753,
730,
632,
625,
625,
625,
625,
625,
625,
625,
625,
625,
612,
534,
499,
499,
499,
499,
499,
499,
499,
499,
499,
499,
499,
499,
478,
415,
366,
366,
366,
366,
366,
366,
366,
366,
366,
366,
366,
366,
366,
366,
366,
366,
366,
346,
303,
261,
240,
240,
240,
240,
240,
240,
240,
240,
240,
240,
240,
240,
240,
240,
240,
240,
240,
240,
240,
240,
240,
240,
240,
240,
240,
240,
219,
191,
163,
142,
127,
114,
114,
114,
114,
114,
114,
114,
114,
114,
114,
114,
114,
114,
114,
114,
114,
114,
114,
114,
114,
114,
114,
114,
114,
114,
114,
114,
114,
114,
114,
114,
114,
114,
114,
114,
114,
114,
114,
114,
114,
114,
114,
114,
114,
114,
114,
114,
114,
114,
114,
114,
114,
114,
114,
114,
107,
98,
86,
73,
65,
58,
51,
44,
37,
37,
30,
29,
23,
23,
22,
16,
16,
16,
16,
15,
9,
9,
9,
9,
9,
9,
8,
4,
3,
3,
3,
3,
3,
3,
3,
2,
2,
2,
2,
2,
2,
2,
2,
2,
2,
2,
2,
2,
2,
2,
2,
2,
2,
2,
2,
2,
2,
2,
2,
2,
2,
2,
2,
2,
2,
2,
2,
2,
2,
2,
2,
2,
2,
2,
2,
2,
2,
2,
2,
2,
2,
2,
2,
2,
2,
2,
2,
2,
2,
2,
2,
2,
2,
2,
2,
2,
2,
2,
2,
2,
2,
2,
2,
2,
2,
2,
2,
2,
2,
2,
2,
2,
2,
2,
2,
2,
2,
2,
2,
2,
2,
2,
2,
2,
2,
2,
2,
2,
2,
2,
2,
2,
2,
2,
2,
2,
2,
2,
2,
2,
2,
2,
2,
2,
2,
2,
2,
2,
2,
2,
2,
2,
2,
2,
2,
2,
2,
2,
2,
2,
2,
2,
2,
2,
2,
2,
2,
2,
2,
2,
2,
2,
2,
2,
2,
2,
2,
2,
2,
2,
2,
2,
2,
2,
2,
2,
2,
2,
2,
2,
2,
2,
2,
2,
2,
2,
2,
2,
2,
2,
2,
2,
2,
2,
2,
2,
2,
2,
2,
2,
2,
2,
2,
2,
2,
2,
2,
2,
2,
2,
2,
2,
2,
2,
2,
2,
2,
2,
2,
2,
2,
2,
2,
2,
2,
2,
2,
2,
2,
2,
2,
2,
2,
2,
2,
2,
2,
2,
2,
2,
2,
2,
2,
2,
2,
2,
2,
2,
2,
2,
2,
2,
2,
2,
2,
2,
2,
2,
2,
2,
2,
2,
2,
2,
2,
2,
2,
2,
2,
2,
2,
2,
2,
2,
2,
2,
2,
2,
2,
2,
2,
2,
2,
2,
2,
2,
2,
2,
2,
2,
2,
2,
2,
2,
2,
2,
2,
2,
2,
2,
2,
2,
2,
2,
2,
2,
2,
2,
2,
2,
2,
2,
2,
2,
2,
2,
2,
2,
2,
2,
2,
2,
2,
2,
2,
2,
2,
2,
2,
2,
2,
2,
2,
2,
2,
2,
2,
2,
2,
2,
2,
2,
2,
2,
2,
2,
2,
2,
2,
2,
2,
2,
2,
2,
2,
2,
2,
2,
2,
2,
2,
2,
2,
2,
2,
2,
2,
2,
2,
2,
2,
2,
2,
2,
2,
2,
2,
2,
2,
2,
2,
2,
2,
2,
2,
2,
2,
2,
2,
2,
2,
2,
2,
2,
2,
2,
2,
2,
2,
2,
2,
2,
2,
2,
2,
2,
2,
2,
2,
2,
2,
2,
2,
2,
2,
2,
2,
2,
2,
2,
2,
2,
2,
2,
2,
2,
2,
2,
2,
2,
2,
2,
2,
2,
2,
2,
2,
2,
2,
2,
2,
2,
2,
2,
2,
2,
2,
2,
2,
2,
2,
2,
2,
2,
2,
2,
2,
2,
2,
2,
2,
2,
2,
2,
2,
2,
2,
2,
2,
2,
2,
2,
2,
2,
2,
2,
2,
2,
2,
2,
2,
2,
2,
2,
2,
2,
2,
2,
2,
2,
2,
2,
2,
2,
2,
2,
2,
2,
2,
2,
2,
2,
2,
2,
2,
2,
2,
2,
2,
2,
2,
2,
2,
2,
2,
2,
2,
2,
2,
2,
2,
2,
2,
2,
2,
2,
2,
2,
2,
2,
2,
2,
2,
2,
2,
2,
2,
2,
2,
2,
2,
2,
2,
2,
2,
2,
2,
2,
2,
2,
2,
2,
2,
2,
2,
2,
2,
2,
2,
2,
2,
2,
2,
2,
2,
2,
2,
2,
2,
2,
2,
2,
2,
2,
2,
2,
2,
2,
2,
2,
2,
2,
2,
2,
2,
2,
2,
2,
2,
2,
2,
2,
2,
2,
2,
2,
2,
2,
2,
2,
2,
2,
2,
2,
2,
2,
2,
2,
2,
2,
2,
2,
2,
2,
2,
2,
2,
2,
2,
2,
2,
2,
2,
2,
2,
2,
2,
2,
2,
2,
2,
2,
2,
2,
2,
2,
2,
2,
2,
2,
2,
2,
2,
2,
2,
2,
2,
2,
2,
2,
2,
2,
2,
2,
2,
2,
2,
2,
2,
2,
2,
2,
2,
2,
2,
2,
2,
2,
2,
2,
2,
2,
2,
2,
2,
2,
2,
2,
2,
2,
2,
2,
2,
2,
2,
2,
2,
2,
2,
2,
2,
2,
2,
2,
2,
2,
2,
2,
2,
2,
2,
2,
2,
2,
2,
2,
2,
2,
2,
2,
2,
2,
2,
2,
2,
2,
2,
2,
2,
2,
2,
2,
2,
2,
2,
2,
2,
2,
2,
2,
2,
2,
2,
2,
2,
2,
2,
2,
2,
2,
2,
2,
2,
2,
2,
2,
2,
2,
2,
2,
2,
2,
2,
2,
2,
2,
2,
2,
2,
2,
2,
2,
2,
2,
2,
2,
2,
2,
2,
2,
2,
2,
2,
2,
2,
2,
2,
2,
2,
2,
2,
2,
2,
2,
2,
2,
2,
2,
2,
2,
2,
2,
2,
2,
2,
2,
2,
2,
2,
2,
2,
2,
2,
2,
2,
2,
2,
2,
2,
2,
2,
2,
2,
2,
2,
2,
2,
2,
2,
2,
2,
2,
2,
2,
2,
2,
2,
2,
2,
2,
2,
2,
2,
2,
2,
2,
2,
2,
2,
2,
2,
2,
2,
2,
2,
2,
2,
2,
2,
2,
2,
2,
2,
2,
2,
2,
2,
2,
2,
2,
2,
2,
2,
2,
2,
2,
2,
2,
2,
2,
2,
2,
2,
2,
2,
2,
2,
2,
2,
2,
2,
2,
2,
2,
2,
2,
2,
2,
2,
2,
2,
2,
2,
2,
2,
2,
2,
2,
2,
2,
2,
2,
2,
2,
2,
2,
2,
2,
2,
2,
2,
2,
2,
2,
2,
2,
2,
2,
2,
2,
2,
2,
2,
2,
2,
2,
2,
2,
2,
2,
2,
2,
2,
2,
2,
2,
2,
2,
2,
2,
2,
2,
2,
2,
2,
2,
2,
2,
2,
2,
2,
2,
2,
2,
2,
2,
2,
2,
2,
2,
2,
2,
2,
2,
2,
2,
2,
2,
2,
2,
2,
2,
2,
2,
2,
2,
2,
2,
2,
2,
2,
2,
2,
2,
2,
2,
2,
2,
2,
2,
2,
2,
2,
2,
2,
2,
2,
2,
2,
2,
2,
2,
2,
2,
2,
2,
2,
2,
2,
2,
2,
2,
2,
2,
2,
2,
2,
2,
2,
2,
2,
2,
2,
2,
2,
2,
2,
2,
2,
2,
2,
2,
2,
2,
2,
2,
2,
2,
2,
2,
2,
2,
2,
2,
2,
2,
2,
2,
2,
2,
2,
2,
2,
2,
2,
2,
2,
2,
2,
2,
2,
2,
2,
2,
2,
2,
2,
2,
2,
2,
2,
2,
2,
2,
2,
2,
2,
2,
2,
2,
2,
2,
2,
2,
2,
2,
2,
2,
2,
2,
2,
2,
2,
2,
2,
2,
2,
2,
2,
2,
2,
2,
2,
2,
2,
2,
2,
2,
2,
2,
2,
2,
2,
2,
2,
2,
2,
2,
2,
2,
2,
2,
2,
2,
2,
2,
2,
2,
2,
2,
2,
2,
2,
2,
2,
2,
2,
2,
2,
2,
2,
2,
2,
2,
2,
2,
2,
2,
2,
2,
2,
2,
2,
2,
2,
2,
2,
2,
2,
2,
2,
2,
2,
2,
2,
2,
2,
2,
2,
2,
2,
2,
2,
2,
2,
2,
2,
2,
2,
2,
2,
2,
2,
2,
2,
2,
2,
2,
2,
2,
2,
2,
2,
2,
2,
2,
2,
2,
2,
2,
2,
2,
2,
2,
2,
2,
2,
2,
2,
2,
2,
2,
2,
2,
2,
2,
2,
2,
2,
2,
2,
2,
2,
2,
2,
2,
2,
2,
2,
2,
2,
2,
2,
2,
2,
2,
2,
2,
2,
2,
2,
2,
2,
2,
2,
2,
2,
2,
2,
2,
2,
2,
2,
2,
2,
2,
2,
2,
2,
2,
2,
2,
2,
2,
2,
2,
2,
2,
2,
2,
2,
2,
2,
2,
2,
2,
2,
2,
2,
2,
2,
2,
2,
2,
2,
2,
2,
2,
2,
2,
2,
2,
2,
2,
2,
2,
2,
2,
2,
2,
2,
2,
2,
2,
2,
2,
2,
2,
2,
2,
2,
2,
2,
2,
2,
2,
2,
2,
2,
2,
2,
2,
2,
2,
2,
2,
2,
2,
2,
2,
2,
2,
2,
2,
2,
2,
2,
2,
2,
2,
2,
2,
2,
2,
2,
2,
2,
2,
2,
2,
2,
2,
2,
2,
2,
2,
2,
2,
2,
2,
2,
2,
2,
2,
2,
2,
2,
2,
2,
2,
2,
2,
2,
2,
2,
2,
2,
2,
2,
2,
2,
2,
2,
2,
2,
2,
2,
2,
2,
2,
2,
2,
2,
2,
2,
2,
2,
2,
2,
2,
2,
2,
2,
2,
2,
2,
2,
2,
2,
2,
2,
2,
2,
2,
2,
2,
2,
2,
2,
2,
2,
2,
2,
2,
2,
2,
2,
2,
2,
2,
2,
2,
2,
2,
2,
2,
2,
2,
2,
2,
2,
2,
2,
2,
2,
2,
2,
2,
2,
2,
2,
2,
2,
2,
2,
2,
2,
2,
2,
2,
2,
2,
2,
2,
2,
2,
2,
2,
2,
2,
2,
2,
2,
2,
2,
2,
2,
2,
2,
2,
2,
2,
2,
2,
2,
2,
2,
2,
2,
2,
2,
2,
2,
2,
2,
2,
2,
2,
2,
2,
2,
2,
2,
2,
2,
2,
2,
2,
2,
2,
2,
2,
2,
2,
2,
2,
2,
2,
2,
2,
2,
2,
2,
2,
2,
2,
2,
2,
2,
2,
2,
2,
2,
2,
2,
2,
2,
2,
2,
2,
2,
2,
2,
2,
2,
2,
2,
2,
2,
2,
2,
2,
2,
2,
2,
2,
2,
2,
2,
2,
2,
2,
2,
2,
2,
2,
2,
2,
2,
2,
2,
2,
2,
2,
2,
2,
2,
2,
2,
2,
2,
2,
2,
2,
2,
2,
2,
2,
2,
2,
2,
2,
2,
2,
2,
2,
2,
2,
2,
2,
2,
2,
2,
2,
2,
2,
2,
2,
2,
2,
2,
2,
2,
2,
2,
2,
2,
2,
2,
2,
2,
2,
2,
2,
2,
2,
2,
2,
2,
2,
2,
2,
2,
2,
2,
2,
2,
2,
2,
2,
2,
2,
2,
2,
2,
2,
2,
2,
2,
2,
2,
2,
2,
2,
2,
2,
2,
2,
2,
2,
2,
2,
2,
2,
2,
2,
2,
2,
2,
2,
2,
2,
2,
2,
2,
2,
2,
2,
2,
2,
2,
2,
2,
2,
2,
2,
2,
2,
2,
2,
2,
2,
2,
2,
2,
2,
2,
2,
2,
2,
2,
2,
2,
2,
2,
2,
2,
2,
2,
2,
2,
2,
2,
2,
2,
2,
2,
2,
2,
2,
2,
2,
2,
2,
2,
2,
2,
2,
2,
2,
2,
2,
2,
2,
2,
2,
2,
2,
2,
2,
2,
2,
2,
2,
2,
2,
2,
2,
2,
2,
2,
2,
2,
2,
2,
2,
2,
2,
2,
2,
2,
2,
2,
2,
2,
2,
2,
2,
2,
2,
2,
2,
2,
2,
2,
2,
2,
2,
2,
2,
2,
2,
2,
2,
2,
2,
2,
2,
2,
2,
2,
2,
2,
2,
2,
2,
2,
2,
2,
2,
2,
2,
2,
2,
2,
2,
2,
2,
2,
2,
2,
2,
2,
2,
2,
2,
2,
2,
2,
2,
2,
2,
2,
2,
2,
2,
2,
2,
2,
2,
2,
2,
2,
2,
2,
2,
2,
2,
2,
2,
2,
2,
2,
2,
2,
2,
2,
2,
2,
2,
2,
2,
2,
2,
2,
2,
2,
2,
2,
2,
2,
2,
2,
2,
2,
2,
2,
2,
2,
2,
2,
2,
2,
2,
2,
2,
2,
2,
2,
2,
2,
2,
2,
2,
2,
2,
2,
2,
2,
2,
2,
2,
2,
2,
2,
2,
2,
2,
2,
2,
2,
2,
2,
2,
2,
2,
2,
2,
2,
2,
2,
2,
2,
2,
2,
2,
2,
2,
2,
2,
2,
2,
2,
2,
2,
2,
2,
2,
2,
2,
2,
2,
2,
2,
2,
2,
2,
2,
2,
2,
2,
2,
2,
2,
2,
2,
2,
2,
2,
2,
2,
2,
2,
2,
2,
2,
2,
2,
2,
2,
2,
2,
2,
2,
2,
2,
2,
2,
2,
2,
2,
2,
2,
2,
2,
2,
2,
2,
2,
2,
2,
2,
2,
2,
2,
2,
2,
2,
2,
2,
2,
2,
2,
2,
2,
2,
2,
2,
2,
2,
2,
2,
2,
2,
2,
2,
2,
2,
2,
2,
2,
2,
2,
2,
2,
2,
2,
2,
2,
2,
2,
2,
2,
2,
2,
2,
2,
2,
2,
2,
2,
2,
2,
2,
2,
2,
2,
2,
2,
2,
2,
2,
2,
2,
2,
2,
2,
2,
2,
2,
2,
2,
2,
2,
2,
2,
2,
2,
2,
2,
2,
2,
2,
2,
2,
2,
2,
2,
2,
2,
2,
2,
2,
2,
2,
2,
2,
2,
2,
2,
2,
2,
2,
2,
2,
2,
2,
2,
2,
2,
2,
2,
2,
2,
2,
2,
2,
2,
2,
2,
2,
2,
2,
2,
2,
2,
2,
2,
2,
2,
2,
2,
2,
2,
2,
2,
2,
2,
2,
2,
2,
2,
2,
2,
2,
2,
2,
2,
2,
2,
2,
2,
2,
2,
2,
2,
2,
2,
2,
2,
2,
2,
2,
2,
2,
2,
2,
2,
2,
2,
2,
2,
2,
2,
2,
2,
2,
2,
2,
2,
2,
2,
2,
2,
2,
2,
2,
2,
2,
2,
2,
2,
2,
2,
2,
2,
2,
2,
2,
2,
2,
2,
2,
2,
2,
2,
2,
2,
2,
2,
2,
2,
2,
2,
2,
2,
2,
2,
2,
2,
2,
2,
2,
2,
2,
2,
2,
2,
2,
2,
2,
2,
2,
2,
2,
2,
2,
2,
2,
2,
2,
2,
2,
2,
2,
2,
2,
2,
2,
2,
2,
2,
2,
2,
2,
2,
2,
2,
2,
2,
2,
2,
2,
2,
2,
2,
2,
2,
2,
2,
2,
2,
2,
2,
2,
2,
2,
2,
2,
2,
2,
2,
2,
2,
2,
2,
2,
2,
2,
2,
2,
2,
2,
2,
2,
2,
2,
2,
2,
2,
2,
2,
2,
2,
2,
2,
2,
2,
2,
2,
2,
2,
2,
2,
2,
2,
2,
2,
2,
2,
2,
2,
2,
2,
2,
2,
2,
2,
2,
2,
2,
2,
2,
2,
2,
2,
2,
2,
2,
2,
2,
2,
2,
2,
2,
2,
2,
2,
2,
2,
2,
2,
2,
2,
2,
2,
2,
2,
2,
2,
2,
2,
2,
2,
2,
2,
2,
2,
2,
2,
2,
2,
2,
2,
2,
2,
2,
2,
2,
2,
2,
2,
2,
2,
2,
2,
2,
2,
2,
2,
2,
2,
2,
2,
2,
2,
2,
2,
2,
2,
2,
2,
2,
2,
2,
2,
2,
2,
2,
2,
2,
2,
2,
2,
2,
2,
2,
2,
2,
2,
2,
2,
2,
2,
2,
2,
2,
2,
2,
2,
2,
2,
2,
2,
2,
2,
2,
2,
2,
2,
2,
2,
2,
2,
2,
2,
2,
2,
2,
2,
2,
2,
2,
2,
2,
2,
2,
2,
2,
2,
2,
2,
2,
2,
2,
2,
2,
2,
2,
2,
2,
2,
2,
2,
2,
2,
2,
2,
2,
2,
2,
2,
2,
2,
2,
2,
2,
2,
2,
2,
2,
2,
2,
2,
2,
2,
2,
2,
2,
2,
2,
2,
2,
2,
2,
2,
2,
2,
2,
2,
2,
2,
2,
2,
2,
2,
2,
2,
2,
2,
2,
2,
2,
2,
2,
2,
2,
2,
2,
2,
2,
2,
2,
2,
2,
2,
2,
2,
2,
2,
2,
2,
2,
2,
2,
2,
2,
2,
2,
2,
2,
2,
2,
2,
2,
2,
2,
2,
2,
2,
2,
2,
2,
2,
2,
2,
2,
2,
2,
2,
2,
2,
2,
2,
2,
2,
2,
2,
2,
2,
2,
2,
2,
2,
2,
2,
2,
2,
2,
2,
2,
2,
2,
2,
2,
2,
2,
2,
2,
2,
2,
2,
2,
2,
2,
2,
2,
2,
2,
2,
2,
2,
2,
2,
2,
2,
2,
2,
2,
2,
2,
2,
2,
2,
2,
2,
2,
2,
2,
2,
2,
2,
2,
2,
2,
2,
2,
2,
2,
2,
2,
2,
2,
2,
2,
2,
2,
2,
2,
2,
2,
2,
2,
2,
2,
2,
2,
2,
2,
2,
2,
2,
2,
2,
2,
2,
2,
2,
2,
2,
2,
2,
2,
2,
2,
2,
2,
2,
2,
2,
2,
2,
2,
2,
2,
2,
2,
2,
2,
2,
2,
2,
2,
2,
2,
2,
2,
2,
2,
2,
2,
2,
2,
2,
2,
2,
2,
2,
2,
2,
2,
2,
2,
2,
2,
2,
2,
2,
2,
2,
2,
2,
2,
2,
2,
2,
2,
2,
2,
2,
2,
2,
2,
2,
2,
2,
2,
2,
2,
2,
2,
2,
2,
2,
2,
2,
2,
2,
2,
2,
2,
2,
2,
2,
2,
2,
2,
2,
2,
2,
2,
2,
2,
2,
2,
2,
2,
2,
2,
2,
2,
2,
2,
2,
2,
2,
2,
2,
2,
2,
2,
2,
2,
2,
2,
2,
2,
2,
2,
2,
2,
2,
2,
2,
2,
2,
2,
2,
2,
2,
2,
2,
2,
2,
2,
2,
2,
2,
2,
2,
2,
2,
2,
2,
2,
2,
2,
2,
2,
2,
2,
2,
2,
2,
2,
2,
2,
2,
2,
2,
2,
2,
2,
2,
2,
2,
2,
2,
2,
2,
2,
2,
2,
2,
2,
2,
2,
2,
2,
2,
2,
2,
2,
2,
2,
2,
2,
2,
2,
2,
2,
2,
2,
2,
2,
2,
2,
2,
2,
2,
2,
2,
2,
2,
2,
2,
2,
2,
2,
2,
2,
2,
2,
2,
2,
2,
2,
2,
2,
2,
2,
2,
2,
2,
2,
2,
2,
2,
2,
2,
2,
2,
2,
2,
2,
2,
2,
2,
2,
2,
2,
2,
2,
2,
2,
2,
2,
2,
2,
2,
2,
2,
2,
2,
2,
2,
2,
2,
2,
2,
2,
2,
2,
2,
2,
2,
2,
2,
2,
2,
2,
2,
2,
2,
2,
2,
2,
2,
2,
2,
2,
2,
2,
2,
2,
2,
2,
2,
2,
2,
2,
2,
2,
2,
2,
2,
2,
2,
2,
2,
2,
2,
2,
2,
2,
2,
2,
2,
2,
2,
2,
2,
2,
2,
2,
2,
2,
2,
2,
2,
2,
2,
2,
2,
2,
2,
2,
2,
2,
2,
2,
2,
2,
2,
2,
2,
2,
2,
2,
2,
2,
2,
2,
2,
2,
2,
2,
2,
2,
2,
2,
2,
2,
2,
2,
2,
2,
2,
2,
2,
2,
2,
2,
2,
2,
2,
2,
2,
2,
2,
2,
2,
2,
2,
2,
2,
2,
2,
2,
2,
2,
2,
2,
2,
2,
2,
2,
2,
2,
2,
2,
2,
2,
2,
2,
2,
2,
2,
2,
2,
2,
2,
2,
2,
2,
2,
2,
2,
2,
2,
2,
2,
2,
2,
2,
2,
2,
2,
2,
2,
2,
2,
2,
2,
2,
2,
2,
2,
2,
2,
2,
2,
2,
2,
2,
2,
2,
2,
2,
2,
2,
2,
2,
2,
2,
2,
2,
2,
2,
2,
2,
2,
2,
2,
2,
2,
2,
2,
2,
2,
2,
2,
2,
2,
2,
2,
2,
2,
2,
2,
2,
2,
2,
2,
2,
2,
2,
2,
2,
2,
2,
2,
2,
2,
2,
2,
2,
2,
2,
2,
2,
2,
2,
2,
2,
2,
2,
2,
2,
2,
2,
2,
2,
2,
2,
2,
2,
2,
2,
2,
2,
2,
2,
2,
2,
2,
2,
2,
2,
2,
2,
2,
2,
2,
2,
2,
2,
2,
2,
2,
2,
2,
2,
2,
2,
2,
2,
2,
2,
2,
2,
2,
2,
2,
2,
2,
2,
2,
2,
2,
2,
2,
2,
2,
2,
2,
2,
2,
2,
2,
2,
2,
2,
2,
2,
2,
2,
2,
2,
2,
2,
2,
2,
2,
2,
2,
2,
2,
2,
2,
2,
2,
2,
2,
2,
2,
2,
2,
2,
2,
2,
2,
2,
2,
2,
2,
2,
2,
2,
2,
2,
2,
2,
2,
2,
2,
2,
2,
2,
2,
2,
2,
2,
2,
2,
2,
2,
2,
2,
2,
2,
2,
2,
2,
2,
2,
2,
2,
2,
2,
2,
2,
2,
2,
2,
2,
2,
2,
2,
2,
2,
2,
2,
2,
2,
2,
2,
2,
2,
2,
2,
2,
2,
2,
2,
2,
2,
2,
2,
2,
2,
2,
2,
2,
2,
2,
2,
2,
2,
2,
2,
2,
2,
2,
2,
2,
2,
2,
2,
2,
2,
2,
2,
2,
2,
2,
2,
2,
2,
2,
2,
2,
2,
2,
2,
2,
2,
2,
2,
2,
2,
2,
2,
2,
2,
2,
2,
2,
2,
2,
2,
2,
2,
2,
2,
2,
2,
2,
2,
2,
2,
2,
2,
2,
2,
2,
2,
2,
2,
2,
2,
2,
2,
2,
2,
2,
2,
2,
2,
2,
2,
2,
2,
2,
2,
2,
2,
2,
2,
2,
2,
2,
2,
2,
2,
2,
2,
2,
2,
2,
2,
2,
2,
2,
2,
2,
2,
2,
2,
2,
2,
2,
2,
2,
2,
2,
2,
2,
2,
2,
2,
2,
2,
2,
2,
2,
2,
2,
2,
2,
2,
2,
2,
2,
2,
2,
2,
2,
2,
2,
2,
2,
2,
2,
2,
2,
2,
2,
2,
2,
2,
2,
2,
2,
2,
2,
2,
2,
2,
2,
2,
2,
2,
2,
2,
2,
2,
2,
2,
2,
2,
2,
2,
2,
2,
2,
2,
2,
2,
2,
2,
2,
2,
2,
2,
2,
2,
1,
1,
1,
1,
1,
1,
1,
1,
1,
1,
1,
1,
1,
1,
1,
2224923,
2876,
2729,
2358,
2099,
1988,
1826,
1575,
1364,
1238,
1105,
1105,
1056,
909,
784,
678,
587,
509,
440,
377,
363,
356,
314,
272,
237,
237,
237,
237,
237,
237,
237,
237,
237,
229,
196,
173,
146,
126,
111,
97,
83,
69,
62,
52,
45,
41,
34,
27,
27,
20,
19,
13,
13,
12,
6,
6,
6,
6,
0,
2601,
2385,
2301,
2006,
1740,
1607,
1565,
1460,
1258,
1089,
949,
823,
775,
697,
697,
697,
669,
579,
502,
437,
375,
326,
284,
242,
214,
185,
158,
137,
116,
102,
88,
74,
66,
53,
46,
39,
33,
32,
25,
19,
18,
13,
11,
11,
7,
4,
4,
4,
4,
3,
0,
2859,
2613,
2256,
2033,
1997,
1773,
1534,
1326,
1200,
1121,
1121,
1017,
883,
759,
660,
569,
492,
429,
402,
402,
359,
310,
275,
275,
275,
275,
275,
275,
275,
275,
254,
219,
191,
163,
142,
121,
107,
93,
79,
65,
58,
51,
44,
37,
30,
23,
23,
16,
16,
10,
9,
9,
8,
3,
2,
2,
2,
2,
2,
2,
1,
0,
2598,
2443,
2317,
2002,
1729,
1583,
1582,
1435,
1239,
1071,
924,
861,
784,
735,
735,
735,
658,
568,
497,
427,
371,
322,
273,
238,
203,
175,
153,
132,
112,
98,
83,
70,
57,
49,
42,
36,
34,
28,
21,
21,
14,
14,
13,
7,
7,
7,
7,
7,
7,
7,
7,
7,
7,
7,
7,
7,
7,
7,
7,
7,
7,
7,
7,
7,
7,
7,
7,
7,
7,
7,
7,
7,
7,
7,
7,
7,
7,
7,
7,
7,
7,
7,
7,
7,
7,
7,
7,
7,
7,
7,
7,
7,
7,
7,
7,
7,
7,
7,
7,
7,
7,
7,
7,
7,
7,
7,
7,
7,
7,
7,
7,
7,
7,
7,
7,
7,
7,
7,
7,
7,
7,
7,
7,
7,
7,
7,
7,
7,
7,
7,
7,
7,
7,
7,
7,
7,
7,
7,
7,
7,
7,
7,
7,
7,
7,
7,
7,
7,
7,
7,
7,
7,
7,
7,