15208,
15499,
1778,
1778,
8586,
8661,
13175,
13231,
10561,
10582,
5219,
5219,
11007,
11018,
3303,
3375,
2375,
2477,
6102,
6161,
6945,
6945,
4042,
4042,
15836,
15841,
16091,
16092,
14777,
14777,
4269,
4958,
11677,
12831,
12392,
12394,
13989,
14025,
7221,
7263,
2722,
2722,
4929,
4935,
12252,
12278,
14378,
14417,
5605,
5637,
9438,
9458,
9653,
9802,
8593,
8632,
12971,
13017,
11226,
11238,
2796,
2799,
4632,
4665,
13119,
13139,
10972,
11016,
3412,
3456,
2232,
2232,
6616,
6842,
4448,
4478,
14182,
14182,
6560,
6569,
5509,
5509,
9868,
9868,
7911,
7951,
16078,
16077,
14952,
15012,
3094,
3110,
3396,
3467,
2046,
2131,
7128,
7294,
2460,
2512,
5935,
5965,
7784,
7858,
276,
291,
14865,
14963,
3393,
3459,
2059,
2111,
7585,
7586,
1087,
1087,
11585,
11634,
885,
914,
12383,
12515,
13121,
13167,
11157,
11157,
2652,
2734,
4931,
5029,
11739,
11744,
623,
636,
13517,
13544,
9328,
9331,
10130,
10151,
7080,
7089,
3382,
3394,
2424,
2437,
6250,
6263,
6523,
6605,
5378,
5378,
10424,
10424,
5742,
5765,
8826,
8826,
12306,
12332,
13951,
14013,
7524,
7552,
1581,
1616,
9412,
9545,
9360,
9658,
9041,
9068,
11094,
11101,
2953,
2975,
4018,
4077,
15559,
15626,
589,
685,
13358,
13376,
9788,
9868,
8147,
8147,
15213,
15273,
2184,
2339,
6592,
6592,
5266,
5311,
10581,
10645,
4882,
4882,
12418,
12425,
13892,
13980,
7322,
7340,
2483,
2515,
5822,
5863,
8278,
8278,
14825,
14843,
3858,
3892,
294,
315,
15008,
15008,
3013,
3037,
3850,
3862,
239,
267,
14984,
15175,
2497,
2581,
5612,
5646,
9236,
9236,
10635,
10642,
4982,
4982,
11730,
11747,
619,
723,
13048,
13071,
11420,
11420,
1590,
1590,
9687,
9782,
8254,
8293,
14761,
14855,
3853,
3882,
352,
363,
14510,
14544,
5415,
5415,
9973,
10020,
7730,
7730,
475,
501,
14088,
14202,
6498,
6498,
5769,
5769,
8588,
8588,
13368,
13420,
9692,
9692,
8773,
8776,
12767,
12767,
12297,
12297,
14198,
14198,
6578,
6590,
5461,
5495,
9923,
9935,
7858,
7894,
32,
40,
15830,
15836,
228,
294,
14655,
17633,
6162,
9109,
11149,
11329,
2013,
4630,
13497,
13515,
9474,
9501,
9567,
9611,
9415,
9425,
9821,
9859,
8380,
8380,
14049,
14085,
7283,
7301,
2620,
2693,
5311,
5347,
10241,
10332,
6404,
6470,
5941,
5970,
8006,
8027,
15553,
15556,
1335,
1339,
10761,
10761,
4653,
4676,
13189,
13189,
10648,
10712,
4962,
4986,
11924,
11924,
31,
38,
15775,
15889,
15937,
15969,
15725,
15751,
3,
94,
15703,
15721,
516,
566,
13833,
13844,
8285,
8333,
14392,
14410,
5844,
7272,
2721,
2730,
5098,
5148,
10967,
11059,
3324,
3408,
2274,
2306,
6710,
6763,
4678,
4845,
12471,
12588,
13396,
13419,
9684,
9711,
8883,
8887,
12368,
12427,
13873,
13899,
7915,
7943,
15760,
15891,
15995,
16042,
15344,
15357,
2006,
2067,
7744,
7787,
338,
358,
14651,
14663,
4832,
4832,
12608,
12622,
13191,
13196,
10828,
10909,
4300,
4303,
14377,
14464,
5705,
5786,
8923,
8925,
11736,
11743,
701,
730,
13122,
13160,
10617,
10630,
4870,
4975,
11904,
11969,
15719,
15740,
393,
446,
14336,
14345,
6245,
6258,
6780,
6809,
4216,
4360,
14418,
14490,
5428,
5523,
9758,
9848,
8018,
8040,
15670,
15674,
731,
735,
13265,
13272,
10333,
10390,
6073,
6185,
7155,
7226,
2500,
2609,
5551,
5591,
9473,
9525,
9654,
9711,
8870,
8949,
12118,
12118,
14979,
15007,
3524,
3581,
1623,
1677,
9456,
9456,
9586,
9671,
9314,
9315,
10259,
10264,
6743,
7693,
935,
974,
12198,
12255,
14192,
14200,
6798,
6889,
4230,
4230,
14956,
15025,
3295,
3325,
2585,
2730,
4740,
4864,
12411,
13802,
8214,
8416,
14101,
14116,
7030,
7152,
2900,
2929,
4226,
4269,
14708,
14830,
4123,
4166,
15208,
15250,
2512,
2515,
5954,
5973,
7965,
7978,
15977,
16030,
15079,
15097,
2960,
3040,
3901,
3902,
35,
15913,
15950,
15917,
16043,
14829,
14891,
4022,
4040,
15726,
15846,
124,
205,
15381,
15428,
1667,
1704,
9088,
9109,
11154,
11231,
2689,
2754,
4865,
4968,
11732,
11812,
315,
353,
14206,
14265,
6893,
6909,
3945,
3980,
15976,
16040,
15468,
15511,
1113,
1219,
11158,
11171,
2906,
2946,
4152,
4186,
15079,
15100,
2983,
3079,
3567,
3625,
1157,
1268,
10868,
10939,
3995,
4011,
15918,
15918,
15759,
15759,
221,
263,
15019,
17887,
5059,
7983,
15868,
15888,
30,
50,
15868,
15868,
15768,
15794,
317,
395,
14582,
14657,
4911,
4936,
11952,
12065,
15302,
15438,
1280,
1454,
10250,
10254,
6437,
6478,
5820,
5931,
8115,
8142,
15101,
15181,
2782,
2808,
4666,
4695,
13025,
13043,
11489,
11515,
1660,
1694,
9303,
9303,
10321,
10325,
6542,
6542,
5726,
5763,
8776,
8793,
12752,
12752,
12338,
12338,
14304,
14408,
5739,
5955,
8044,
8045,
15872,
15926,
15907,
15952,
15718,
15814,
174,
181,
15450,
15461,
1825,
1868,
8508,
8550,
13495,
13511,
9767,
9767,
8650,
8766,
12383,
12430,
14048,
14053,
7319,
7352,
2372,
2396,
6312,
6384,
6157,
6186,
7173,
7183,
3117,
3135,
3235,
3359,
2518,
2518,
5898,
5905,
8319,
8329,
14467,
14471,
5786,
5786,
8649,
8670,
13165,
13165,
10915,
10934,
3668,
3792,
717,
740,
12999,
12999,
11659,
11666,
825,
850,
12797,
12797,
12126,
12126,
15264,
15343,
1992,
2076,
7670,
7682,
1130,
1150,
11370,
11410,
1924,
2008,
7908,
7934,
15791,
15821,
26,
174,
15267,
15271,
2515,
2590,
5677,
5677,
9124,
9168,
11174,
11262,
2408,
2428,
5995,
5996,
7929,
7954,
15732,
15738,
615,
618,
13524,
13596,
9362,
9419,
9772,
9826,
8450,
8450,
14039,
14088,
7202,
7272,
2644,
2794,
4584,
4631,
13282,
13409,
10023,
10022,
7677,
7718,
8615,
8615,
13363,
13392,
10295,
10295,
6296,
6329,
6436,
6441,
5967,
5993,
7974,
8022,
15456,
15467,
1766,
1776,
8865,
8903,
12093,
12163,
15078,
15133,
2713,
2820,
4672,
4711,
12892,
12911,
12266,
12335,
14378,
14397,
5714,
5810,
8558,
8596,
13360,
13399,
9924,
9933,
8198,
8220,
14922,
14922,
3938,
3946,
162,
178,
15394,
15473,
1535,
3392,
2353,
2420,
6263,
6329,
6486,
6486,
5862,
5962,
7518,
7664,
1260,
1296,
10890,
10939,
3786,
3795,
818,
818,
12685,
12690,
12867,
12920,
11927,
12549,
13536,
13628,
9177,
12030,
15784,
15799,
73,
98,
15659,
17739,
8383,
8429,
13736,
13824,
7796,
7883,
168,
233,
15154,
15154,
3057,
3075,
3595,
3608,
1490,
1528,
9712,
9847,
8427,
8454,
13850,
13930,
7398,
7410,
2103,
2158,
7452,
7470,
1587,
1595,
9632,
9648,
9251,
9276,
10626,
10715,
4622,
4626,
13638,
13674,
8847,
8847,
12630,
12630,
